Unnamed: 0,Unnamed: 1,Unnamed: 2
Company,Vulcan Materials Co,
Ticker,VMC,
CUSIP,929160AG4 Corp,
Rating,BBB,
Issue Date,2007-12-11 00:00:00,
Maturity Date,2037-11-30 00:00:00,
Coupon ,7.15,
,,
Date,Mid Price,Mid YTM
2014-10-01 00:00:00,100.569,6.751
2014-10-02 00:00:00,99.589,6.835
2014-10-03 00:00:00,99.238,6.865
2014-10-06 00:00:00,98.264,6.951
2014-10-07 00:00:00,98.126,6.963
2014-10-08 00:00:00,96.895,7.073
2014-10-09 00:00:00,95.244,7.223
2014-10-10 00:00:00,95.256,7.222
2014-10-13 00:00:00,95.269,7.221
2014-10-14 00:00:00,94.761,7.268
2014-10-15 00:00:00,93.986,7.341
2014-10-16 00:00:00,96.578,7.101
2014-10-17 00:00:00,97.879,6.984
2014-10-20 00:00:00,96.655,7.094
2014-10-21 00:00:00,98.317,6.946
2014-10-22 00:00:00,98.854,6.898
2014-10-23 00:00:00,97.979,6.976
2014-10-24 00:00:00,97.453,7.022
2014-10-27 00:00:00,96.331,7.124
2014-10-28 00:00:00,95.71,7.18
2014-10-29 00:00:00,95.588,7.192
2014-10-30 00:00:00,94.278,7.313
2014-10-31 00:00:00,93.649,7.373
2014-11-03 00:00:00,93.324,7.404
2014-11-04 00:00:00,91.929,7.539
2014-11-05 00:00:00,93.64,7.374
2014-11-06 00:00:00,93.599,7.378
2014-11-07 00:00:00,92.612,7.472
2014-11-10 00:00:00,93.646,7.373
2014-11-12 00:00:00,91.813,7.55
2014-11-13 00:00:00,90.586,7.672
2014-11-14 00:00:00,90.219,7.708
2014-11-17 00:00:00,89.552,7.776
2014-11-18 00:00:00,89.561,7.775
2014-11-19 00:00:00,88.58,7.876
2014-11-20 00:00:00,90.199,7.711
2014-11-21 00:00:00,91.922,7.54
2014-11-24 00:00:00,91.578,7.574
2014-11-25 00:00:00,90.775,7.653
2014-11-26 00:00:00,90.603,7.67
2014-11-28 00:00:00,87.712,7.967
2014-12-01 00:00:00,84.812,8.28
2014-12-02 00:00:00,86.201,8.128
2014-12-03 00:00:00,85.904,8.16
2014-12-04 00:00:00,84.286,8.339
2014-12-05 00:00:00,82.397,8.554
2014-12-08 00:00:00,80.323,8.8
2014-12-09 00:00:00,80.696,8.755
2014-12-10 00:00:00,78.474,9.028
2014-12-11 00:00:00,80.095,8.828
2014-12-12 00:00:00,78.823,8.984
2014-12-15 00:00:00,78.494,9.025
2014-12-16 00:00:00,77.396,9.165
2014-12-17 00:00:00,82.978,8.488
2014-12-18 00:00:00,81.712,8.635
2014-12-19 00:00:00,84.739,8.289
2014-12-22 00:00:00,85.533,8.202
2014-12-23 00:00:00,86.16,8.134
2014-12-24 00:00:00,86.134,8.137
2014-12-26 00:00:00,86.153,8.135
2014-12-29 00:00:00,85.624,8.193
2014-12-30 00:00:00,85.627,8.192
2014-12-31 00:00:00,85.072,8.253
2015-01-01 00:00:00,85.043,8.257
2015-01-02 00:00:00,85.69,8.186
2015-01-05 00:00:00,81.208,8.696
2015-01-06 00:00:00,80.317,8.803
2015-01-07 00:00:00,80.096,8.83
2015-01-08 00:00:00,80.544,8.776
2015-01-09 00:00:00,80.114,8.828
2015-01-12 00:00:00,76.341,9.304
2015-01-13 00:00:00,77.114,9.204
2015-01-14 00:00:00,75.932,9.359
2015-01-15 00:00:00,74.582,9.54
2015-01-16 00:00:00,74.343,9.573
2015-01-19 00:00:00,74.425,9.562
2015-01-20 00:00:00,73.265,9.722
2015-01-21 00:00:00,73.559,9.682
2015-01-22 00:00:00,75.019,9.482
2015-01-23 00:00:00,76.185,9.327
2015-01-26 00:00:00,77.631,9.139
2015-01-27 00:00:00,78.073,9.083
2015-01-28 00:00:00,78.089,9.081
2015-01-29 00:00:00,76.976,9.224
2015-01-30 00:00:00,78.932,8.976
2015-02-02 00:00:00,80.288,8.809
2015-02-03 00:00:00,82.957,8.495
2015-02-04 00:00:00,80.333,8.804
2015-02-05 00:00:00,81.477,8.668
2015-02-06 00:00:00,83.426,8.441
2015-02-09 00:00:00,83.652,8.416
2015-02-10 00:00:00,82.334,8.567
2015-02-11 00:00:00,80.331,8.806
2015-02-12 00:00:00,82.305,8.571
2015-02-13 00:00:00,82.468,8.552
2015-02-17 00:00:00,81.304,8.689
2015-02-18 00:00:00,81.374,8.681
2015-02-19 00:00:00,80.906,8.737
2015-02-20 00:00:00,82.536,8.545
2015-02-23 00:00:00,81.382,8.681
2015-02-24 00:00:00,80.296,8.811
2015-02-25 00:00:00,79.214,8.944
2015-02-26 00:00:00,80.269,8.815
2015-02-27 00:00:00,79.537,8.905
2015-03-02 00:00:00,79.514,8.908
2015-03-03 00:00:00,78.928,8.981
2015-03-04 00:00:00,78.669,9.013
2015-03-05 00:00:00,78.506,9.034
2015-03-06 00:00:00,78.043,9.093
2015-03-09 00:00:00,77.316,9.186
2015-03-10 00:00:00,75.952,9.364
2015-03-11 00:00:00,76.578,9.282
2015-03-12 00:00:00,76.614,9.277
2015-03-13 00:00:00,75.435,9.434
2015-03-16 00:00:00,74.831,9.515
2015-03-17 00:00:00,75.816,9.383
2015-03-18 00:00:00,75.98,9.361
2015-03-19 00:00:00,74.372,9.578
2015-03-20 00:00:00,73.447,9.706
2015-03-23 00:00:00,73.188,9.743
2015-03-24 00:00:00,72.543,9.834
2015-03-25 00:00:00,71.953,9.919
2015-03-26 00:00:00,72.334,9.865
2015-03-27 00:00:00,71.652,9.963
2015-03-30 00:00:00,72.228,9.88
2015-03-31 00:00:00,71.136,10.039
2015-04-01 00:00:00,70.961,10.065
2015-04-02 00:00:00,71.418,9.998
2015-04-06 00:00:00,73.133,9.751
2015-04-07 00:00:00,74.855,9.513
2015-04-08 00:00:00,74.104,9.616
2015-04-09 00:00:00,75.146,9.474
2015-04-10 00:00:00,75.938,9.368
2015-04-13 00:00:00,76.707,9.267
2015-04-14 00:00:00,77.608,9.151
2015-04-15 00:00:00,79.707,8.887
2015-04-16 00:00:00,78.604,9.025
2015-04-17 00:00:00,76.747,9.262
2015-04-20 00:00:00,77.921,9.111
2015-04-21 00:00:00,75.56,9.419
2015-04-22 00:00:00,76.924,9.24
2015-04-23 00:00:00,77.238,9.199
2015-04-24 00:00:00,76.629,9.278
2015-04-27 00:00:00,76.184,9.337
2015-04-28 00:00:00,76.378,9.311
2015-04-29 00:00:00,76.009,9.36
2015-04-30 00:00:00,77.1,9.217
2015-05-01 00:00:00,77.881,9.117
2015-05-04 00:00:00,78.39,9.053
2015-05-05 00:00:00,80.704,8.767
2015-05-06 00:00:00,78.572,9.03
2015-05-07 00:00:00,78.973,8.98
2015-05-08 00:00:00,80.384,8.806
2015-05-11 00:00:00,81.03,8.729
2015-05-12 00:00:00,79.832,8.874
2015-05-13 00:00:00,81.567,8.665
2015-05-14 00:00:00,81.406,8.684
2015-05-15 00:00:00,81.371,8.688
2015-05-18 00:00:00,81.326,8.694
2015-05-19 00:00:00,79.898,8.866
2015-05-20 00:00:00,79.783,8.881
2015-05-21 00:00:00,80.624,8.778
2015-05-22 00:00:00,80.491,8.795
2015-05-26 00:00:00,80.433,8.802
2015-05-27 00:00:00,80.388,8.807
2015-05-28 00:00:00,79.243,8.948
2015-05-29 00:00:00,80.755,8.763
2015-06-01 00:00:00,80.614,8.78
2015-06-02 00:00:00,80.872,8.749
2015-06-03 00:00:00,80.114,8.841
2015-06-04 00:00:00,79.405,8.928
2015-06-05 00:00:00,79.84,8.875
2015-06-08 00:00:00,79.213,8.953
2015-06-09 00:00:00,78.049,9.099
2015-06-10 00:00:00,78.44,9.05
2015-06-11 00:00:00,78.201,9.08
2015-06-12 00:00:00,77.981,9.108
2015-06-15 00:00:00,76.71,9.273
2015-06-16 00:00:00,76.109,9.352
2015-06-17 00:00:00,76.323,9.324
2015-06-18 00:00:00,76.486,9.302
2015-06-19 00:00:00,76.266,9.332
2015-06-22 00:00:00,76.36,9.319
2015-06-23 00:00:00,76.611,9.286
2015-06-24 00:00:00,76.122,9.351
2015-06-25 00:00:00,74.961,9.507
2015-06-26 00:00:00,74.867,9.52
2015-06-29 00:00:00,73.616,9.693
2015-06-30 00:00:00,75.317,9.46
2015-07-01 00:00:00,75.134,9.485
2015-07-02 00:00:00,75.271,9.466
2015-07-06 00:00:00,72.971,9.785
2015-07-07 00:00:00,72.843,9.803
2015-07-08 00:00:00,72.13,9.906
2015-07-09 00:00:00,71.948,9.932
2015-07-10 00:00:00,72.613,9.837
2015-07-13 00:00:00,72.627,9.835
2015-07-14 00:00:00,72.754,9.817
2015-07-15 00:00:00,72.297,9.883
2015-07-16 00:00:00,71.714,9.968
2015-07-17 00:00:00,69.191,10.347
2015-07-20 00:00:00,69.483,10.302
2015-07-21 00:00:00,70.007,10.222
2015-07-22 00:00:00,68.557,10.447
2015-07-23 00:00:00,69.621,10.282
2015-07-24 00:00:00,69.632,10.28
2015-07-27 00:00:00,67.316,10.646
2015-07-28 00:00:00,69.019,10.376
2015-07-29 00:00:00,70.405,10.164
2015-07-30 00:00:00,71.422,10.013
2015-07-31 00:00:00,69.896,10.241
2015-08-03 00:00:00,67.319,10.646
2015-08-04 00:00:00,67.958,10.544
2015-08-05 00:00:00,66.851,10.724
2015-08-06 00:00:00,67.677,10.59
2015-08-07 00:00:00,67.197,10.667
2015-08-10 00:00:00,67.644,10.595
2015-08-11 00:00:00,66.674,10.754
2015-08-12 00:00:00,67.117,10.681
2015-08-13 00:00:00,66.748,10.742
2015-08-14 00:00:00,67.192,10.67
2015-08-17 00:00:00,66.764,10.74
2015-08-18 00:00:00,66.824,10.73
2015-08-19 00:00:00,65.528,10.947
2015-08-20 00:00:00,66.977,10.706
2015-08-21 00:00:00,65.934,10.879
2015-08-24 00:00:00,65.829,10.897
2015-08-25 00:00:00,66.112,10.85
2015-08-26 00:00:00,65.046,11.031
2015-08-27 00:00:00,67.07,10.692
2015-08-28 00:00:00,67.393,10.64
2015-08-31 00:00:00,67.292,10.657
2015-09-01 00:00:00,66.587,10.772
2015-09-02 00:00:00,66.65,10.763
2015-09-03 00:00:00,67.768,10.581
2015-09-04 00:00:00,66.906,10.721
2015-09-08 00:00:00,68.459,10.472
2015-09-09 00:00:00,69.683,10.282
2015-09-10 00:00:00,69.354,10.333
2015-09-11 00:00:00,68.558,10.457
2015-09-14 00:00:00,68.571,10.455
2015-09-15 00:00:00,68.614,10.448
2015-09-16 00:00:00,68.587,10.453
2015-09-17 00:00:00,67.776,10.582
2015-09-18 00:00:00,66.831,10.736
2015-09-21 00:00:00,65.693,10.925
2015-09-22 00:00:00,65.991,10.875
2015-09-23 00:00:00,64.214,11.181
2015-09-24 00:00:00,63.087,11.382
2015-09-25 00:00:00,61.656,11.646
2015-09-28 00:00:00,61.145,11.743
2015-09-29 00:00:00,61.221,11.729
2015-09-30 00:00:00,62.92,11.413
2015-10-01 00:00:00,62.404,11.507
2015-10-02 00:00:00,64.366,11.155
2015-10-05 00:00:00,65.57,10.948
2015-10-06 00:00:00,68.66,10.443
2015-10-07 00:00:00,66.514,10.79
2015-10-08 00:00:00,67.457,10.636
2015-10-09 00:00:00,66.495,10.793
2015-10-13 00:00:00,66.027,10.872
2015-10-14 00:00:00,64.652,11.107
2015-10-15 00:00:00,64.772,11.086
2015-10-16 00:00:00,65.223,11.008
2015-10-19 00:00:00,64.809,11.08
2015-10-20 00:00:00,64.304,11.168
2015-10-21 00:00:00,63.964,11.228
2015-10-22 00:00:00,65.6,10.945
2015-10-23 00:00:00,63.628,11.288
2015-10-26 00:00:00,62.759,11.445
2015-10-27 00:00:00,62.418,11.508
2015-10-28 00:00:00,62.809,11.437
2015-10-29 00:00:00,63.605,11.293
2015-10-30 00:00:00,64.119,11.202
2015-11-02 00:00:00,65.356,10.988
2015-11-03 00:00:00,66.786,10.748
2015-11-04 00:00:00,66.829,10.741
2015-11-05 00:00:00,64.846,11.076
2015-11-06 00:00:00,63.967,11.23
2015-11-09 00:00:00,62.482,11.498
2015-11-10 00:00:00,62.638,11.47
2015-11-12 00:00:00,61.606,11.662
2015-11-13 00:00:00,61.405,11.7
2015-11-16 00:00:00,61.525,11.678
2015-11-17 00:00:00,61.555,11.672
2015-11-18 00:00:00,62.273,11.538
2015-11-19 00:00:00,61.502,11.683
2015-11-20 00:00:00,60.188,11.936
2015-11-23 00:00:00,60.4,11.895
2015-11-24 00:00:00,61.457,11.692
2015-11-25 00:00:00,59.247,12.124
2015-11-27 00:00:00,59.438,12.086
2015-11-30 00:00:00,61.349,11.713
2015-12-01 00:00:00,62.257,11.543
2015-12-02 00:00:00,61.359,11.712
2015-12-03 00:00:00,61.401,11.704
2015-12-04 00:00:00,59.799,12.015
2015-12-07 00:00:00,57.775,12.429
2015-12-08 00:00:00,58.284,12.323
2015-12-09 00:00:00,57.728,12.44
2015-12-10 00:00:00,56.552,12.693
2015-12-11 00:00:00,53.661,13.354
2015-12-14 00:00:00,53.732,13.337
2015-12-15 00:00:00,54.676,13.115
2015-12-16 00:00:00,54.432,13.173
2015-12-17 00:00:00,52.826,13.558
2015-12-18 00:00:00,48.134,14.813
2015-12-21 00:00:00,49.592,14.4
2015-12-22 00:00:00,52.286,13.693
2015-12-23 00:00:00,58.571,12.268
2015-12-24 00:00:00,57.164,12.564
2015-12-28 00:00:00,52.524,13.635
2015-12-29 00:00:00,54.919,13.063
2015-12-30 00:00:00,53.354,13.432
2015-12-31 00:00:00,52.857,13.554
2016-01-04 00:00:00,53.427,13.415
2016-01-05 00:00:00,55.137,13.014
2016-01-06 00:00:00,53.756,13.338
2016-01-07 00:00:00,52.945,13.534
2016-01-08 00:00:00,52.928,13.538
2016-01-11 00:00:00,50.175,14.247
2016-01-12 00:00:00,49.398,14.46
2016-01-13 00:00:00,46.968,15.168
2016-01-14 00:00:00,49.014,14.569
2016-01-15 00:00:00,46.25,15.39
2016-01-19 00:00:00,43.691,16.234
2016-01-20 00:00:00,41.743,16.942
2016-01-21 00:00:00,43.392,16.341
2016-01-22 00:00:00,45.624,15.591
2016-01-25 00:00:00,45.94,15.49
2016-01-26 00:00:00,45.701,15.567
2016-01-27 00:00:00,45.86,15.517
2016-01-28 00:00:00,46.254,15.393
2016-01-29 00:00:00,47.504,15.011
2016-02-01 00:00:00,46.082,15.447
2016-02-02 00:00:00,45.382,15.672
2016-02-03 00:00:00,45.129,15.755
2016-02-04 00:00:00,46.567,15.298
2016-02-05 00:00:00,45.748,15.556
2016-02-08 00:00:00,44.832,15.855
2016-02-09 00:00:00,44.4,16
2016-02-10 00:00:00,43.093,16.455
2016-02-11 00:00:00,40.342,17.501
2016-02-12 00:00:00,42.289,16.748
2016-02-16 00:00:00,42.615,16.629
2016-02-17 00:00:00,43.461,16.328
2016-02-18 00:00:00,42.702,16.599
2016-02-19 00:00:00,42.839,16.55
2016-02-22 00:00:00,43.908,16.173
2016-02-23 00:00:00,42.588,16.642
2016-02-24 00:00:00,41.646,16.995
2016-02-25 00:00:00,42.873,16.541
2016-02-26 00:00:00,43.8,16.214
2016-02-29 00:00:00,46.045,15.472
2016-03-01 00:00:00,47.154,15.129
2016-03-02 00:00:00,49.486,14.455
2016-03-03 00:00:00,50.964,14.057
2016-03-04 00:00:00,54.215,13.248
2016-03-07 00:00:00,57.113,12.595
2016-03-08 00:00:00,55.593,12.931
2016-03-09 00:00:00,54.199,13.253
2016-03-10 00:00:00,55.646,12.92
2016-03-11 00:00:00,55.132,13.037
2016-03-14 00:00:00,55.028,13.061
2016-03-15 00:00:00,55.069,13.052
2016-03-16 00:00:00,54.786,13.117
2016-03-17 00:00:00,55.41,12.974
2016-03-18 00:00:00,56.314,12.772
2016-03-21 00:00:00,55.764,12.895
2016-03-22 00:00:00,54.159,13.265
2016-03-23 00:00:00,51.706,13.868
2016-03-24 00:00:00,51.766,13.853
2016-03-28 00:00:00,51.161,14.01
2016-03-29 00:00:00,50.863,14.088
2016-03-30 00:00:00,51.036,14.043
2016-03-31 00:00:00,50.092,14.295
2016-04-01 00:00:00,49.21,14.538
2016-04-04 00:00:00,48.962,14.608
2016-04-05 00:00:00,46.983,15.188
2016-04-06 00:00:00,48.209,14.824
2016-04-07 00:00:00,47.387,15.067
2016-04-08 00:00:00,48.696,14.684
2016-04-11 00:00:00,50.086,14.298
2016-04-12 00:00:00,53.173,13.504
2016-04-13 00:00:00,54.431,13.204
2016-04-14 00:00:00,55.213,13.023
2016-04-15 00:00:00,58.23,12.365
2016-04-18 00:00:00,57.626,12.492
2016-04-19 00:00:00,61.294,11.754
2016-04-20 00:00:00,63.238,11.392
2016-04-21 00:00:00,61.481,11.719
2016-04-22 00:00:00,61.285,11.756
2016-04-25 00:00:00,61.096,11.793
2016-04-26 00:00:00,60.609,11.887
2016-04-27 00:00:00,62.16,11.592
2016-04-28 00:00:00,61.64,11.69
2016-04-29 00:00:00,60.492,11.911
2016-05-02 00:00:00,61.017,11.809
2016-05-03 00:00:00,58.488,12.314
2016-05-04 00:00:00,57.555,12.51
2016-05-05 00:00:00,55.435,12.976
2016-05-06 00:00:00,57.107,12.606
2016-05-09 00:00:00,56.002,12.849
2016-05-10 00:00:00,57.392,12.546
2016-05-11 00:00:00,57.906,12.437
2016-05-12 00:00:00,59.159,12.178
2016-05-13 00:00:00,58.389,12.336
2016-05-16 00:00:00,59.836,12.043
2016-05-17 00:00:00,58.588,12.296
2016-05-18 00:00:00,57.215,12.585
2016-05-19 00:00:00,57.289,12.57
2016-05-20 00:00:00,58.21,12.375
2016-05-23 00:00:00,56.969,12.639
2016-05-24 00:00:00,57.557,12.513
2016-05-25 00:00:00,58.545,12.307
2016-05-26 00:00:00,58.166,12.386
2016-05-27 00:00:00,58.953,12.223
2016-05-31 00:00:00,58.198,12.379
2016-06-01 00:00:00,57.831,12.457
2016-06-02 00:00:00,58.273,12.365
2016-06-03 00:00:00,59.613,12.091
2016-06-06 00:00:00,61.214,11.777
2016-06-07 00:00:00,64.405,11.192
2016-06-08 00:00:00,63.273,11.394
2016-06-09 00:00:00,62.771,11.486
2016-06-10 00:00:00,62.743,11.492
2016-06-13 00:00:00,61.927,11.644
2016-06-14 00:00:00,60.82,11.855
2016-06-15 00:00:00,61.891,11.651
2016-06-16 00:00:00,61.384,11.748
2016-06-17 00:00:00,62.997,11.446
2016-06-20 00:00:00,63.393,11.375
2016-06-21 00:00:00,65.42,11.018
2016-06-22 00:00:00,65.476,11.009
2016-06-23 00:00:00,66.276,10.873
2016-06-24 00:00:00,63.834,11.297
2016-06-27 00:00:00,60.858,11.851
2016-06-28 00:00:00,62.636,11.515
2016-06-29 00:00:00,63.99,11.27
2016-06-30 00:00:00,64.649,11.154
2016-07-01 00:00:00,65.535,11.001
2016-07-05 00:00:00,67.412,10.687
2016-07-06 00:00:00,63.371,11.383
2016-07-07 00:00:00,62.726,11.501
2016-07-08 00:00:00,62.27,11.586
2016-07-11 00:00:00,62.68,11.51
2016-07-12 00:00:00,63.823,11.302
2016-07-13 00:00:00,62.775,11.493
2016-07-14 00:00:00,63.561,11.35
2016-07-15 00:00:00,63.495,11.362
2016-07-18 00:00:00,63.125,11.43
2016-07-19 00:00:00,63.451,11.371
2016-07-20 00:00:00,63.483,11.366
2016-07-21 00:00:00,64.51,11.183
2016-07-22 00:00:00,63.735,11.321
2016-07-25 00:00:00,62.411,11.563
2016-07-26 00:00:00,61.375,11.758
2016-07-27 00:00:00,60.545,11.92
2016-07-28 00:00:00,59.852,12.057
2016-07-29 00:00:00,59.367,12.154
2016-08-01 00:00:00,58.611,12.309
2016-08-02 00:00:00,57.551,12.532
2016-08-03 00:00:00,59.233,12.183
2016-08-04 00:00:00,60.914,11.85
2016-08-05 00:00:00,61.133,11.808
2016-08-08 00:00:00,61.388,11.759
2016-08-09 00:00:00,61.894,11.663
2016-08-10 00:00:00,61.658,11.709
2016-08-11 00:00:00,63.199,11.423
2016-08-12 00:00:00,64.426,11.203
2016-08-15 00:00:00,65.029,11.098
2016-08-16 00:00:00,65.877,10.952
2016-08-17 00:00:00,65.241,11.062
2016-08-18 00:00:00,67.031,10.76
2016-08-19 00:00:00,67.048,10.757
2016-08-22 00:00:00,67.325,10.712
2016-08-23 00:00:00,67.152,10.74
2016-08-24 00:00:00,66.19,10.902
2016-08-25 00:00:00,65.742,10.978
2016-08-26 00:00:00,66.242,10.893
2016-08-29 00:00:00,65.995,10.935
2016-08-30 00:00:00,65.901,10.951
2016-08-31 00:00:00,66.109,10.917
2016-09-01 00:00:00,64.352,11.222
2016-09-02 00:00:00,64.821,11.139
2016-09-06 00:00:00,65.235,11.068
2016-09-07 00:00:00,65.748,10.98
2016-09-08 00:00:00,66.57,10.842
2016-09-09 00:00:00,64.354,11.223
2016-09-12 00:00:00,64.948,11.119
2016-09-13 00:00:00,64.407,11.214
2016-09-14 00:00:00,64.681,11.166
2016-09-15 00:00:00,64.92,11.125
2016-09-16 00:00:00,63.709,11.339
2016-09-19 00:00:00,61.97,11.66
2016-09-20 00:00:00,63.056,11.458
2016-09-21 00:00:00,63.821,11.32
2016-09-22 00:00:00,64.822,11.143
2016-09-23 00:00:00,64.087,11.272
2016-09-26 00:00:00,63.692,11.343
2016-09-27 00:00:00,63.11,11.449
2016-09-28 00:00:00,64.978,11.116
2016-09-29 00:00:00,64.714,11.162
2016-09-30 00:00:00,65.882,10.961
2016-10-03 00:00:00,65.931,10.952
2016-10-04 00:00:00,65.417,11.041
2016-10-05 00:00:00,66.36,10.88
2016-10-06 00:00:00,66.797,10.807
2016-10-07 00:00:00,67.057,10.764
2016-10-11 00:00:00,67.621,10.672
2016-10-12 00:00:00,67.618,10.673
2016-10-13 00:00:00,67.496,10.693
2016-10-14 00:00:00,67.382,10.712
2016-10-17 00:00:00,67.785,10.646
2016-10-18 00:00:00,67.783,10.646
2016-10-19 00:00:00,68.231,10.574
2016-10-20 00:00:00,68.705,10.498
2016-10-21 00:00:00,68.725,10.495
2016-10-24 00:00:00,69.863,10.317
2016-10-25 00:00:00,69.543,10.367
2016-10-26 00:00:00,67.228,10.739
2016-10-27 00:00:00,67.438,10.704
2016-10-28 00:00:00,67.73,10.656
2016-10-31 00:00:00,66.089,10.929
2016-11-01 00:00:00,65.08,11.103
2016-11-02 00:00:00,63.718,11.344
2016-11-03 00:00:00,66.556,10.851
2016-11-04 00:00:00,65.048,11.109
2016-11-07 00:00:00,65.754,10.988
2016-11-08 00:00:00,65.892,10.965
2016-11-09 00:00:00,66.319,10.892
2016-11-10 00:00:00,65.542,11.025
2016-11-14 00:00:00,64.656,11.179
2016-11-15 00:00:00,66.116,10.927
2016-11-16 00:00:00,65.691,11
2016-11-17 00:00:00,66.365,10.886
2016-11-18 00:00:00,66.609,10.845
2016-11-21 00:00:00,67.493,10.699
2016-11-22 00:00:00,68.008,10.615
2016-11-23 00:00:00,68.188,10.586
2016-11-25 00:00:00,68.14,10.594
2016-11-28 00:00:00,68.85,10.481
2016-11-29 00:00:00,68.361,10.559
2016-11-30 00:00:00,71.202,10.118
2016-12-01 00:00:00,73.516,9.779
2016-12-02 00:00:00,74.162,9.687
2016-12-05 00:00:00,76.743,9.333
2016-12-06 00:00:00,76.752,9.332
2016-12-07 00:00:00,77.446,9.24
2016-12-08 00:00:00,79.287,9.002
2016-12-09 00:00:00,80.049,8.906
2016-12-12 00:00:00,82.645,8.588
2016-12-13 00:00:00,83.341,8.506
2016-12-14 00:00:00,83.307,8.51
2016-12-15 00:00:00,81.094,8.777
2016-12-16 00:00:00,81.477,8.73
2016-12-19 00:00:00,80.844,8.808
2016-12-20 00:00:00,78.883,9.054
2016-12-21 00:00:00,76.873,9.318
2016-12-22 00:00:00,80.249,8.882
2016-12-23 00:00:00,80.019,8.911
2016-12-27 00:00:00,79.197,9.015
2016-12-28 00:00:00,78.396,9.118
2016-12-29 00:00:00,78.242,9.138
2016-12-30 00:00:00,78.594,9.093
2017-01-03 00:00:00,79.906,8.926
2017-01-04 00:00:00,81.092,8.779
2017-01-05 00:00:00,82.505,8.608
2017-01-06 00:00:00,82.527,8.605
2017-01-09 00:00:00,81.518,8.727
2017-01-10 00:00:00,80.169,8.894
2017-01-11 00:00:00,79.613,8.965
2017-01-12 00:00:00,80.381,8.868
2017-01-13 00:00:00,79.922,8.926
2017-01-17 00:00:00,79.901,8.929
2017-01-18 00:00:00,79.343,9
2017-01-19 00:00:00,78.805,9.069
2017-01-20 00:00:00,79.111,9.029
2017-01-23 00:00:00,78.464,9.113
2017-01-24 00:00:00,78.724,9.079
2017-01-25 00:00:00,80.706,8.829
2017-01-26 00:00:00,81.991,8.672
2017-01-27 00:00:00,82.569,8.603
2017-01-30 00:00:00,81.432,8.74
2017-01-31 00:00:00,80.878,8.809
2017-02-01 00:00:00,80.611,8.842
2017-02-02 00:00:00,80.55,8.85
2017-02-03 00:00:00,80.897,8.807
2017-02-06 00:00:00,80.578,8.847
2017-02-07 00:00:00,80.467,8.861
2017-02-08 00:00:00,79.494,8.983
2017-02-09 00:00:00,79.201,9.021
2017-02-10 00:00:00,79.828,8.941
2017-02-13 00:00:00,79.611,8.969
2017-02-14 00:00:00,80.085,8.909
2017-02-15 00:00:00,79.534,8.98
2017-02-16 00:00:00,79.15,9.029
2017-02-17 00:00:00,79.345,9.004
2017-02-21 00:00:00,79.895,8.934
2017-02-22 00:00:00,80.129,8.905
2017-02-23 00:00:00,82.255,8.644
2017-02-24 00:00:00,83.069,8.547
2017-02-27 00:00:00,82.26,8.644
2017-02-28 00:00:00,81.263,8.765
2017-03-01 00:00:00,82.633,8.6
2017-03-02 00:00:00,81.92,8.686
2017-03-03 00:00:00,81.719,8.71
2017-03-06 00:00:00,81.031,8.795
2017-03-07 00:00:00,79.439,8.995
2017-03-08 00:00:00,77.141,9.295
2017-03-09 00:00:00,75.816,9.474
2017-03-10 00:00:00,77.194,9.288
2017-03-13 00:00:00,78.029,9.178
2017-03-14 00:00:00,76.939,9.322
2017-03-15 00:00:00,80.539,8.857
2017-03-16 00:00:00,79.461,8.993
2017-03-17 00:00:00,79.994,8.926
2017-03-20 00:00:00,78.953,9.058
2017-03-21 00:00:00,77.416,9.259
2017-03-22 00:00:00,76.75,9.348
2017-03-23 00:00:00,77.333,9.27
2017-03-24 00:00:00,78.663,9.096
2017-03-27 00:00:00,77.978,9.186
2017-03-28 00:00:00,79.137,9.035
2017-03-29 00:00:00,81.636,8.723
2017-03-30 00:00:00,82.611,8.605
2017-03-31 00:00:00,82.629,8.603
2017-04-03 00:00:00,82.843,8.577
2017-04-04 00:00:00,82.811,8.581
2017-04-05 00:00:00,82.605,8.606
2017-04-06 00:00:00,82.624,8.604
2017-04-07 00:00:00,82.575,8.61
2017-04-10 00:00:00,82.894,8.571
2017-04-11 00:00:00,82.244,8.65
2017-04-12 00:00:00,82.285,8.645
2017-04-13 00:00:00,81.601,8.728
2017-04-17 00:00:00,81.085,8.792
2017-04-18 00:00:00,80.499,8.865
2017-04-19 00:00:00,78.981,9.057
2017-04-20 00:00:00,79.315,9.015
2017-04-21 00:00:00,78.702,9.094
2017-04-24 00:00:00,78.389,9.134
2017-04-25 00:00:00,79.897,8.941
2017-04-26 00:00:00,80.641,8.848
2017-04-27 00:00:00,79.247,9.024
2017-04-28 00:00:00,80.569,8.857
2017-05-01 00:00:00,80.078,8.919
2017-05-02 00:00:00,79.621,8.977
2017-05-03 00:00:00,79.802,8.954
2017-05-04 00:00:00,77.876,9.203
2017-05-05 00:00:00,78.061,9.178
2017-05-08 00:00:00,77.404,9.265
2017-05-09 00:00:00,77.138,9.301
2017-05-10 00:00:00,78.621,9.106
2017-05-11 00:00:00,79.256,9.024
2017-05-12 00:00:00,78.636,9.104
2017-05-15 00:00:00,79.473,8.997
2017-05-16 00:00:00,79.476,8.996
2017-05-17 00:00:00,78.56,9.115
2017-05-18 00:00:00,77.552,9.247
2017-05-19 00:00:00,78.407,9.135
2017-05-22 00:00:00,78.693,9.098
2017-05-23 00:00:00,78.753,9.09
2017-05-24 00:00:00,78.916,9.069
2017-05-25 00:00:00,77.482,9.257
2017-05-26 00:00:00,77.935,9.197
2017-05-30 00:00:00,78.2,9.163
2017-05-31 00:00:00,77.789,9.217
2017-06-01 00:00:00,78.047,9.183
2017-06-02 00:00:00,77.623,9.239
2017-06-05 00:00:00,77.065,9.314
2017-06-06 00:00:00,76.859,9.342
2017-06-07 00:00:00,75.385,9.543
2017-06-08 00:00:00,74.379,9.684
2017-06-09 00:00:00,75.271,9.559
2017-06-12 00:00:00,75.307,9.555
2017-06-13 00:00:00,76.267,9.423
2017-06-14 00:00:00,76.308,9.417
2017-06-15 00:00:00,74.626,9.651
2017-06-16 00:00:00,73.873,9.758
2017-06-19 00:00:00,74.055,9.732
2017-06-20 00:00:00,72.136,10.012
2017-06-21 00:00:00,69.973,10.341
2017-06-22 00:00:00,70.636,10.239
2017-06-23 00:00:00,70.835,10.209
2017-06-26 00:00:00,71.905,10.047
2017-06-27 00:00:00,73.641,9.792
2017-06-28 00:00:00,73.46,9.819
2017-06-29 00:00:00,72.94,9.895
2017-06-30 00:00:00,72.975,9.89
2017-07-03 00:00:00,73.187,9.859
2017-07-05 00:00:00,72.496,9.961
2017-07-06 00:00:00,72.429,9.971
2017-07-07 00:00:00,71.985,10.037
2017-07-10 00:00:00,71.829,10.061
2017-07-11 00:00:00,72.204,10.005
2017-07-12 00:00:00,73.304,9.844
2017-07-13 00:00:00,73.363,9.836
2017-07-14 00:00:00,73.939,9.753
2017-07-17 00:00:00,73.523,9.813
2017-07-18 00:00:00,73.759,9.779
2017-07-19 00:00:00,74.256,9.709
2017-07-20 00:00:00,74.658,9.652
2017-07-21 00:00:00,73.409,9.831
2017-07-24 00:00:00,73.215,9.859
2017-07-25 00:00:00,74.387,9.691
2017-07-26 00:00:00,74.591,9.663
2017-07-27 00:00:00,74.115,9.73
2017-07-28 00:00:00,74.197,9.719
2017-07-31 00:00:00,74.518,9.673
2017-08-01 00:00:00,73.997,9.748
2017-08-02 00:00:00,74.379,9.694
2017-08-03 00:00:00,75.084,9.595
2017-08-04 00:00:00,75.442,9.545
2017-08-07 00:00:00,75.401,9.551
2017-08-08 00:00:00,75.304,9.565
2017-08-09 00:00:00,74.69,9.651
2017-08-10 00:00:00,74.483,9.681
2017-08-11 00:00:00,74.462,9.684
2017-08-14 00:00:00,74.619,9.662
2017-08-15 00:00:00,75.298,9.567
2017-08-16 00:00:00,76.267,9.434
2017-08-17 00:00:00,76.373,9.419
2017-08-18 00:00:00,76.418,9.413
2017-08-21 00:00:00,76.36,9.421
2017-08-22 00:00:00,76.835,9.357
2017-08-23 00:00:00,76.426,9.413
2017-08-24 00:00:00,76.39,9.418
2017-08-25 00:00:00,76.849,9.356
2017-08-28 00:00:00,76.385,9.419
2017-08-29 00:00:00,76.462,9.409
2017-08-30 00:00:00,76.345,9.426
2017-08-31 00:00:00,76.679,9.38
2017-09-01 00:00:00,76.866,9.355
2017-09-05 00:00:00,77.207,9.309
2017-09-06 00:00:00,77.951,9.21
2017-09-07 00:00:00,78.388,9.153
2017-09-08 00:00:00,77.959,9.21
2017-09-11 00:00:00,78.114,9.19
2017-09-12 00:00:00,78.327,9.162
2017-09-13 00:00:00,80.073,8.937
2017-09-14 00:00:00,81.722,8.731
2017-09-15 00:00:00,80.588,8.872
2017-09-18 00:00:00,80.638,8.866
2017-09-19 00:00:00,80.71,8.857
2017-09-20 00:00:00,81.134,8.804
2017-09-21 00:00:00,80.725,8.855
2017-09-22 00:00:00,80.207,8.921
2017-09-25 00:00:00,81.097,8.809
2017-09-26 00:00:00,81.714,8.733
2017-09-27 00:00:00,82.015,8.696
2017-09-28 00:00:00,81.817,8.72
2017-09-29 00:00:00,82.318,8.659
2017-10-02 00:00:00,81.746,8.729
2017-10-03 00:00:00,81.772,8.726
2017-10-04 00:00:00,82.217,8.671
2017-10-05 00:00:00,82.317,8.66
2017-10-06 00:00:00,82.116,8.684
2017-10-10 00:00:00,81.984,8.7
2017-10-11 00:00:00,82.062,8.691
2017-10-12 00:00:00,81.845,8.718
2017-10-13 00:00:00,81.852,8.717
2017-10-16 00:00:00,82.164,8.679
2017-10-17 00:00:00,82.208,8.674
2017-10-18 00:00:00,82.247,8.669
2017-10-19 00:00:00,82.155,8.68
2017-10-20 00:00:00,81.883,8.714
2017-10-23 00:00:00,81.985,8.701
2017-10-24 00:00:00,81.864,8.716
2017-10-25 00:00:00,81.321,8.783
2017-10-26 00:00:00,80.963,8.828
2017-10-27 00:00:00,81.078,8.814
2017-10-30 00:00:00,80.802,8.849
2017-10-31 00:00:00,81.257,8.792
2017-11-01 00:00:00,82.458,8.644
2017-11-02 00:00:00,82.806,8.602
2017-11-03 00:00:00,82.652,8.621
2017-11-06 00:00:00,82.976,8.582
2017-11-07 00:00:00,82.705,8.615
2017-11-08 00:00:00,82.007,8.7
2017-11-09 00:00:00,81.135,8.808
2017-11-10 00:00:00,81.336,8.783
2017-11-13 00:00:00,81.459,8.768
2017-11-14 00:00:00,79.951,8.958
2017-11-15 00:00:00,77.873,9.228
2017-11-16 00:00:00,79.075,9.071
2017-11-17 00:00:00,79.967,8.956
2017-11-20 00:00:00,79.612,9.002
2017-11-21 00:00:00,79.707,8.99
2017-11-22 00:00:00,80.31,8.913
2017-11-24 00:00:00,80.692,8.865
2017-11-27 00:00:00,80.303,8.914
2017-11-28 00:00:00,80.219,8.925
2017-11-29 00:00:00,80.182,8.93
2017-11-30 00:00:00,80.146,8.935
2017-12-01 00:00:00,80.936,8.835
2017-12-04 00:00:00,81.393,8.778
2017-12-05 00:00:00,82.232,8.675
2017-12-06 00:00:00,81.491,8.766
2017-12-07 00:00:00,81.39,8.779
2017-12-08 00:00:00,81.556,8.759
2017-12-11 00:00:00,81.183,8.805
2017-12-12 00:00:00,81.515,8.764
2017-12-13 00:00:00,81.541,8.761
2017-12-14 00:00:00,81.511,8.765
2017-12-15 00:00:00,81.073,8.82
2017-12-18 00:00:00,80.759,8.859
2017-12-19 00:00:00,80.468,8.896
2017-12-20 00:00:00,80.307,8.917
2017-12-21 00:00:00,80.369,8.909
2017-12-22 00:00:00,79.986,8.958
2017-12-26 00:00:00,80.423,8.903
2017-12-27 00:00:00,80.926,8.839
2017-12-28 00:00:00,80.978,8.833
2017-12-29 00:00:00,81.283,8.795
2018-01-02 00:00:00,81.511,8.767
2018-01-03 00:00:00,82.96,8.59
2018-01-04 00:00:00,84.249,8.436
2018-01-05 00:00:00,85.221,8.322
2018-01-08 00:00:00,85.394,8.302
2018-01-09 00:00:00,85.413,8.3
2018-01-10 00:00:00,85.796,8.256
2018-01-11 00:00:00,86.172,8.213
2018-01-12 00:00:00,86.167,8.214
2018-01-16 00:00:00,86.312,8.198
2018-01-17 00:00:00,85.821,8.254
2018-01-18 00:00:00,85.651,8.274
2018-01-19 00:00:00,85.115,8.336
2018-01-22 00:00:00,85.15,8.332
2018-01-23 00:00:00,86.081,8.225
2018-01-24 00:00:00,86.725,8.151
2018-01-25 00:00:00,87.154,8.103
2018-01-26 00:00:00,87.278,8.09
2018-01-29 00:00:00,86.766,8.147
2018-01-30 00:00:00,85.965,8.239
2018-01-31 00:00:00,86.051,8.229
2018-02-01 00:00:00,85.612,8.28
2018-02-02 00:00:00,85.114,8.338
2018-02-05 00:00:00,84.344,8.428
2018-02-06 00:00:00,82.991,8.59
2018-02-07 00:00:00,83.012,8.588
2018-02-08 00:00:00,82.053,8.705
2018-02-09 00:00:00,79.477,9.031
2018-02-12 00:00:00,81.34,8.794
2018-02-13 00:00:00,80.678,8.877
2018-02-14 00:00:00,81.069,8.828
2018-02-15 00:00:00,81.815,8.736
2018-02-16 00:00:00,81.77,8.742
2018-02-20 00:00:00,81.918,8.723
2018-02-21 00:00:00,80.286,8.928
2018-02-22 00:00:00,80.326,8.924
2018-02-23 00:00:00,80.634,8.885
2018-02-26 00:00:00,81.016,8.837
2018-02-27 00:00:00,80.678,8.88
2018-02-28 00:00:00,80.402,8.915
2018-03-01 00:00:00,79.072,9.087
2018-03-02 00:00:00,79.116,9.082
2018-03-05 00:00:00,79.369,9.049
2018-03-06 00:00:00,79.772,8.997
2018-03-07 00:00:00,79.245,9.065
2018-03-08 00:00:00,79.081,9.087
2018-03-09 00:00:00,80.008,8.968
2018-03-12 00:00:00,79.834,8.99
2018-03-13 00:00:00,79.405,9.046
2018-03-14 00:00:00,79.311,9.058
2018-03-15 00:00:00,78.875,9.115
2018-03-16 00:00:00,79.209,9.072
2018-03-19 00:00:00,78.858,9.118
2018-03-20 00:00:00,78.813,9.124
2018-03-21 00:00:00,79.229,9.069
2018-03-22 00:00:00,78.714,9.137
2018-03-23 00:00:00,78.696,9.139
2018-03-26 00:00:00,78.493,9.166
2018-03-27 00:00:00,78.714,9.137
2018-03-28 00:00:00,78.346,9.186
2018-03-29 00:00:00,78.609,9.151
2018-04-02 00:00:00,78.194,9.207
2018-04-03 00:00:00,78.318,9.19
2018-04-04 00:00:00,78.48,9.169
2018-04-05 00:00:00,79.324,9.058
2018-04-06 00:00:00,78.954,9.107
2018-04-09 00:00:00,79.518,9.033
2018-04-10 00:00:00,80.039,8.966
2018-04-11 00:00:00,80.714,8.88
2018-04-12 00:00:00,81.184,8.821
2018-04-13 00:00:00,81.639,8.764
2018-04-16 00:00:00,81.844,8.739
2018-04-17 00:00:00,82.287,8.684
2018-04-18 00:00:00,83.523,8.534
2018-04-19 00:00:00,83.553,8.53
2018-04-20 00:00:00,83.082,8.587
2018-04-23 00:00:00,83.26,8.566
2018-04-24 00:00:00,83.658,8.518
2018-04-25 00:00:00,83.436,8.545
2018-04-26 00:00:00,84.342,8.437
2018-04-27 00:00:00,84.132,8.462
2018-04-30 00:00:00,84.126,8.462
2018-05-01 00:00:00,83.68,8.516
2018-05-02 00:00:00,83.796,8.502
2018-05-03 00:00:00,83.473,8.541
2018-05-04 00:00:00,83.702,8.514
2018-05-07 00:00:00,83.894,8.491
2018-05-08 00:00:00,83.358,8.555
2018-05-09 00:00:00,83.814,8.501
2018-05-10 00:00:00,84.194,8.455
2018-05-11 00:00:00,84.757,8.389
2018-05-14 00:00:00,84.791,8.385
2018-05-15 00:00:00,85.386,8.315
2018-05-16 00:00:00,85.262,8.33
2018-05-17 00:00:00,85.57,8.294
2018-05-18 00:00:00,85.478,8.305
2018-05-21 00:00:00,85.679,8.281
2018-05-22 00:00:00,86.078,8.235
2018-05-23 00:00:00,85.603,8.29
2018-05-24 00:00:00,85.327,8.323
2018-05-25 00:00:00,84.474,8.424
2018-05-29 00:00:00,83.895,8.493
2018-05-30 00:00:00,84.699,8.397
2018-05-31 00:00:00,84.65,8.403
2018-06-01 00:00:00,84.478,8.424
2018-06-04 00:00:00,84.384,8.435
2018-06-05 00:00:00,84.76,8.39
2018-06-06 00:00:00,84.527,8.418
2018-06-07 00:00:00,84.787,8.388
2018-06-08 00:00:00,84.712,8.397
2018-06-11 00:00:00,84.816,8.384
2018-06-12 00:00:00,85.248,8.334
2018-06-13 00:00:00,85.281,8.33
2018-06-14 00:00:00,85.552,8.299
2018-06-15 00:00:00,85.338,8.324
2018-06-18 00:00:00,85.263,8.332
2018-06-19 00:00:00,84.273,8.45
2018-06-20 00:00:00,84.578,8.413
2018-06-21 00:00:00,84.474,8.426
2018-06-22 00:00:00,84.92,8.373
2018-06-25 00:00:00,84.317,8.445
2018-06-26 00:00:00,84.285,8.449
2018-06-27 00:00:00,84.249,8.453
2018-06-28 00:00:00,83.117,8.59
2018-06-29 00:00:00,83.143,8.587
2018-07-02 00:00:00,83.285,8.57
2018-07-03 00:00:00,83.405,8.556
2018-07-05 00:00:00,83.25,8.575
2018-07-06 00:00:00,83.401,8.557
2018-07-09 00:00:00,83.468,8.549
2018-07-10 00:00:00,83.804,8.508
2018-07-11 00:00:00,83.118,8.591
2018-07-12 00:00:00,82.935,8.614
2018-07-13 00:00:00,82.875,8.622
2018-07-16 00:00:00,82.32,8.69
2018-07-17 00:00:00,82.236,8.701
2018-07-18 00:00:00,82.26,8.698
2018-07-19 00:00:00,82.095,8.719
2018-07-20 00:00:00,82.191,8.707
2018-07-23 00:00:00,82.121,8.716
2018-07-24 00:00:00,82.307,8.693
2018-07-25 00:00:00,82.281,8.696
2018-07-26 00:00:00,82.872,8.624
2018-07-27 00:00:00,82.863,8.625
2018-07-30 00:00:00,83.012,8.607
2018-07-31 00:00:00,83.49,8.549
2018-08-01 00:00:00,83.179,8.587
2018-08-02 00:00:00,83.326,8.569
2018-08-03 00:00:00,83.127,8.594
2018-08-06 00:00:00,83.83,8.508
2018-08-07 00:00:00,84.235,8.46
2018-08-08 00:00:00,83.949,8.494
2018-08-09 00:00:00,83.491,8.55
2018-08-10 00:00:00,83.16,8.59
2018-08-13 00:00:00,82.607,8.659
2018-08-14 00:00:00,82.836,8.63
2018-08-15 00:00:00,81.937,8.742
2018-08-16 00:00:00,82.057,8.727
2018-08-17 00:00:00,82.098,8.722
2018-08-20 00:00:00,82.662,8.653
2018-08-21 00:00:00,82.612,8.659
2018-08-22 00:00:00,82.761,8.641
2018-08-23 00:00:00,82.626,8.658
2018-08-24 00:00:00,83.359,8.568
2018-08-27 00:00:00,82.795,8.638
2018-08-28 00:00:00,82.923,8.622
2018-08-29 00:00:00,83.087,8.602
2018-08-30 00:00:00,82.878,8.628
2018-08-31 00:00:00,82.404,8.687
2018-09-04 00:00:00,82.852,8.632
2018-09-05 00:00:00,83.048,8.608
2018-09-06 00:00:00,82.556,8.669
2018-09-07 00:00:00,83.123,8.599
2018-09-10 00:00:00,83.288,8.579
2018-09-11 00:00:00,83.404,8.565
2018-09-12 00:00:00,84.448,8.439
2018-09-13 00:00:00,84.297,8.458
2018-09-14 00:00:00,84.048,8.488
2018-09-17 00:00:00,84.198,8.47
2018-09-18 00:00:00,84.425,8.443
2018-09-19 00:00:00,84.436,8.441
2018-09-20 00:00:00,85.368,8.331
2018-09-21 00:00:00,85.528,8.312
2018-09-24 00:00:00,86.006,8.257
2018-09-25 00:00:00,86.12,8.243
2018-09-26 00:00:00,85.998,8.258
2018-09-27 00:00:00,86.183,8.236
2018-09-28 00:00:00,86.456,8.205
2018-10-01 00:00:00,86.587,8.19
2018-10-02 00:00:00,86.203,8.234
2018-10-03 00:00:00,86.285,8.225
2018-10-04 00:00:00,84.875,8.39
2018-10-05 00:00:00,84.63,8.42
2018-10-09 00:00:00,84.498,8.435
2018-10-10 00:00:00,84.051,8.489
2018-10-11 00:00:00,83.405,8.568
2018-10-12 00:00:00,83.974,8.499
2018-10-15 00:00:00,84.002,8.495
2018-10-16 00:00:00,85.012,8.375
2018-10-17 00:00:00,84.929,8.385
2018-10-18 00:00:00,84.404,8.447
2018-10-19 00:00:00,84.576,8.427
2018-10-22 00:00:00,85.029,8.373
2018-10-23 00:00:00,83.36,8.574
2018-10-24 00:00:00,83.551,8.551
2018-10-25 00:00:00,82.869,8.635
2018-10-26 00:00:00,82.396,8.693
2018-10-29 00:00:00,81.578,8.796
2018-10-30 00:00:00,80.01,8.997
2018-10-31 00:00:00,80.447,8.94
2018-11-01 00:00:00,80.309,8.958
2018-11-02 00:00:00,79.735,9.033
2018-11-05 00:00:00,79.135,9.112
2018-11-06 00:00:00,78.803,9.156
2018-11-07 00:00:00,79.093,9.118
2018-11-08 00:00:00,79.045,9.124
2018-11-09 00:00:00,78.041,9.259
2018-11-13 00:00:00,75.594,9.597
2018-11-14 00:00:00,75.931,9.55
2018-11-15 00:00:00,74.077,9.816
2018-11-16 00:00:00,74.363,9.775
2018-11-19 00:00:00,70.462,10.366
2018-11-20 00:00:00,71.727,10.169
2018-11-21 00:00:00,73.299,9.932
2018-11-23 00:00:00,71.468,10.21
2018-11-26 00:00:00,71.922,10.14
2018-11-27 00:00:00,71.418,10.218
2018-11-28 00:00:00,72.097,10.114
2018-11-29 00:00:00,73.488,9.906
2018-11-30 00:00:00,72.339,10.078
2018-12-03 00:00:00,74.311,9.785
2018-12-04 00:00:00,73.072,9.968
2018-12-06 00:00:00,71.897,10.147
2018-12-07 00:00:00,74.125,9.813
2018-12-10 00:00:00,71.954,10.138
2018-12-11 00:00:00,73.044,9.973
2018-12-12 00:00:00,72.465,10.061
2018-12-13 00:00:00,73.019,9.978
2018-12-14 00:00:00,71.971,10.137
2018-12-17 00:00:00,71.423,10.222
2018-12-18 00:00:00,69.575,10.514
2018-12-19 00:00:00,68.786,10.643
2018-12-20 00:00:00,66.168,11.087
2018-12-21 00:00:00,65.458,11.213
2018-12-24 00:00:00,64.784,11.334
2018-12-26 00:00:00,66.402,11.047
2018-12-27 00:00:00,65.186,11.263
2018-12-28 00:00:00,67.3,10.894
2018-12-31 00:00:00,66.912,10.96
2019-01-02 00:00:00,68.425,10.705
2019-01-03 00:00:00,68.574,10.681
2019-01-04 00:00:00,71.89,10.154
2019-01-07 00:00:00,75.135,9.672
2019-01-08 00:00:00,76.105,9.535
2019-01-09 00:00:00,77.099,9.396
2019-01-10 00:00:00,76.167,9.527
2019-01-11 00:00:00,75.32,9.647
2019-01-14 00:00:00,74.026,9.835
2019-01-15 00:00:00,74.001,9.839
2019-01-16 00:00:00,74.431,9.776
2019-01-17 00:00:00,74.166,9.815
2019-01-18 00:00:00,75.731,9.59
2019-01-22 00:00:00,75.02,9.692
2019-01-23 00:00:00,74.609,9.752
2019-01-24 00:00:00,74.968,9.7
2019-01-25 00:00:00,75.401,9.638
2019-01-28 00:00:00,74.196,9.813
2019-01-29 00:00:00,74.703,9.739
2019-01-30 00:00:00,75.88,9.571
2019-01-31 00:00:00,75.352,9.646
2019-02-01 00:00:00,74.861,9.717
2019-02-04 00:00:00,76.071,9.545
2019-02-05 00:00:00,75.689,9.599
2019-02-06 00:00:00,75.621,9.609
2019-02-07 00:00:00,74.62,9.754
2019-02-08 00:00:00,74.196,9.816
2019-02-11 00:00:00,73.872,9.864
2019-02-12 00:00:00,74.478,9.775
2019-02-13 00:00:00,75.002,9.699
2019-02-14 00:00:00,75.156,9.678
2019-02-15 00:00:00,75.9,9.572
2019-02-19 00:00:00,75.252,9.665
2019-02-20 00:00:00,76.285,9.518
2019-02-21 00:00:00,76.268,9.521
2019-02-22 00:00:00,76.682,9.463
2019-02-25 00:00:00,76.026,9.556
2019-02-26 00:00:00,76.697,9.462
2019-02-27 00:00:00,76.082,9.549
2019-02-28 00:00:00,75.953,9.568
2019-03-01 00:00:00,75.79,9.591
2019-03-04 00:00:00,76.247,9.527
2019-03-05 00:00:00,76.981,9.424
2019-03-06 00:00:00,76.852,9.442
2019-03-07 00:00:00,76.62,9.475
2019-03-08 00:00:00,76.297,9.521
2019-03-11 00:00:00,76.703,9.464
2019-03-12 00:00:00,77.996,9.286
2019-03-13 00:00:00,77.386,9.37
2019-03-14 00:00:00,78.111,9.271
2019-03-15 00:00:00,78.431,9.228
2019-03-18 00:00:00,78.908,9.164
2019-03-19 00:00:00,78.873,9.169
2019-03-20 00:00:00,79.416,9.097
2019-03-21 00:00:00,79.481,9.088
2019-03-22 00:00:00,78.817,9.177
2019-03-25 00:00:00,78.692,9.194
2019-03-26 00:00:00,78.608,9.205
2019-03-27 00:00:00,78.918,9.164
2019-03-28 00:00:00,78.432,9.229
2019-03-29 00:00:00,78.332,9.243
2019-04-01 00:00:00,79.285,9.115
2019-04-02 00:00:00,79.312,9.112
2019-04-03 00:00:00,79.796,9.048
2019-04-04 00:00:00,79.344,9.108
2019-04-05 00:00:00,80.144,9.003
2019-04-08 00:00:00,79.74,9.056
2019-04-09 00:00:00,79.623,9.071
2019-04-10 00:00:00,79.75,9.055
2019-04-11 00:00:00,79.625,9.071
2019-04-12 00:00:00,79.662,9.067
2019-04-15 00:00:00,79.475,9.092
2019-04-16 00:00:00,79.505,9.088
2019-04-17 00:00:00,79.554,9.082
2019-04-18 00:00:00,79.712,9.061
2019-04-22 00:00:00,80.103,9.01
2019-04-23 00:00:00,80.508,8.957
2019-04-24 00:00:00,86.43,8.227
2019-04-25 00:00:00,80.485,8.96
2019-04-26 00:00:00,80.161,9.003
2019-04-29 00:00:00,80.284,8.987
2019-04-30 00:00:00,80.08,9.014
2019-05-01 00:00:00,78.417,9.235
2019-05-02 00:00:00,77.42,9.372
2019-05-03 00:00:00,78.192,9.266
2019-05-06 00:00:00,78.437,9.233
2019-05-07 00:00:00,77.99,9.294
2019-05-08 00:00:00,78.024,9.29
2019-05-09 00:00:00,77.967,9.298
2019-05-10 00:00:00,78.083,9.282
2019-05-13 00:00:00,76.983,9.434
2019-05-14 00:00:00,77.86,9.313
2019-05-15 00:00:00,77.53,9.358
2019-05-16 00:00:00,78.044,9.288
2019-05-17 00:00:00,78.179,9.27
2019-05-20 00:00:00,78.24,9.262
2019-05-21 00:00:00,77.823,9.319
2019-05-22 00:00:00,77.508,9.362
2019-05-23 00:00:00,75.173,9.693
2019-05-24 00:00:00,76.026,9.571
2019-05-28 00:00:00,76.419,9.515
2019-05-29 00:00:00,74.856,9.739
2019-05-30 00:00:00,75.071,9.708
2019-05-31 00:00:00,74.045,9.859
2019-06-03 00:00:00,73.537,9.935
2019-06-04 00:00:00,74.222,9.833
2019-06-05 00:00:00,73.067,10.006
2019-06-06 00:00:00,73.517,9.938
2019-06-07 00:00:00,74.343,9.816
2019-06-10 00:00:00,74.418,9.805
2019-06-11 00:00:00,74.662,9.77
2019-06-12 00:00:00,73.014,10.015
2019-06-13 00:00:00,72.674,10.067
2019-06-14 00:00:00,72.217,10.137
2019-06-17 00:00:00,71.249,10.288
2019-06-18 00:00:00,72.29,10.126
2019-06-19 00:00:00,73.12,10
2019-06-20 00:00:00,73.314,9.972
2019-06-21 00:00:00,74.496,9.797
2019-06-24 00:00:00,74.789,9.754
2019-06-25 00:00:00,74.454,9.803
2019-06-26 00:00:00,75.312,9.678
2019-06-27 00:00:00,75.189,9.697
2019-06-28 00:00:00,74.84,9.748
2019-07-01 00:00:00,75.343,9.675
2019-07-02 00:00:00,75.426,9.663
2019-07-03 00:00:00,74.498,9.799
2019-07-05 00:00:00,74.641,9.778
2019-07-08 00:00:00,74.238,9.838
2019-07-09 00:00:00,74.441,9.808
2019-07-10 00:00:00,74.832,9.751
2019-07-11 00:00:00,75.543,9.649
2019-07-12 00:00:00,74.667,9.776
2019-07-15 00:00:00,74.665,9.776
2019-07-16 00:00:00,72.876,10.043
2019-07-17 00:00:00,73.846,9.898
2019-07-18 00:00:00,71.317,10.285
2019-07-19 00:00:00,72.062,10.17
2019-07-22 00:00:00,70.794,10.369
2019-07-23 00:00:00,71.477,10.261
2019-07-24 00:00:00,72.156,10.156
2019-07-25 00:00:00,72.129,10.161
2019-07-26 00:00:00,72.106,10.165
2019-07-29 00:00:00,71.674,10.232
2019-07-30 00:00:00,72.342,10.128
2019-07-31 00:00:00,72.959,10.034
2019-08-01 00:00:00,72.156,10.158
2019-08-02 00:00:00,71.587,10.247
2019-08-05 00:00:00,69.933,10.51
2019-08-06 00:00:00,68.538,10.74
2019-08-07 00:00:00,66.53,11.084
2019-08-08 00:00:00,68.486,10.75
2019-08-09 00:00:00,66.916,11.018
2019-08-12 00:00:00,66.187,11.146
2019-08-13 00:00:00,65.685,11.236
2019-08-14 00:00:00,65.13,11.336
2019-08-15 00:00:00,64.877,11.383
2019-08-16 00:00:00,64.393,11.472
2019-08-19 00:00:00,65.109,11.342
2019-08-20 00:00:00,65.353,11.298
2019-08-21 00:00:00,67.191,10.974
2019-08-22 00:00:00,67.409,10.937
2019-08-23 00:00:00,66.654,11.069
2019-08-26 00:00:00,66.425,11.109
2019-08-27 00:00:00,66.231,11.144
2019-08-28 00:00:00,66.273,11.137
2019-08-29 00:00:00,66.465,11.104
2019-08-30 00:00:00,66.618,11.077
2019-09-03 00:00:00,66.003,11.186
2019-09-04 00:00:00,65.709,11.239
2019-09-05 00:00:00,66.004,11.188
2019-09-06 00:00:00,65.587,11.262
2019-09-09 00:00:00,66.191,11.155
2019-09-10 00:00:00,67.071,11.001
2019-09-11 00:00:00,67.13,10.991
2019-09-12 00:00:00,66.601,11.084
2019-09-13 00:00:00,66.871,11.038
2019-09-16 00:00:00,71.93,10.205
2019-09-17 00:00:00,68.535,10.753
2019-09-18 00:00:00,67.493,10.93
2019-09-19 00:00:00,67.803,10.878
2019-09-20 00:00:00,66.836,11.045
2019-09-23 00:00:00,67.99,10.847
2019-09-24 00:00:00,67.078,11.003
2019-09-25 00:00:00,65.641,11.257
2019-09-26 00:00:00,65.277,11.323
2019-09-27 00:00:00,62.85,11.776
2019-09-30 00:00:00,60.754,12.19
2019-10-01 00:00:00,61.067,12.127
2019-10-02 00:00:00,57.943,12.784
2019-10-03 00:00:00,57.457,12.892
2019-10-04 00:00:00,58.519,12.659
2019-10-07 00:00:00,57.238,12.941
2019-10-08 00:00:00,55.493,13.341
2019-10-09 00:00:00,55.475,13.346
2019-10-10 00:00:00,55.591,13.32
2019-10-11 00:00:00,56.27,13.162
2019-10-15 00:00:00,56.567,13.094
2019-10-16 00:00:00,56.958,13.006
2019-10-17 00:00:00,57.724,12.836
2019-10-18 00:00:00,57.709,12.84
2019-10-21 00:00:00,58.338,12.703
2019-10-22 00:00:00,58.714,12.622
2019-10-23 00:00:00,58.988,12.564
2019-10-24 00:00:00,59.664,12.422
2019-10-25 00:00:00,60.104,12.331
2019-10-28 00:00:00,60.219,12.307
2019-10-29 00:00:00,61.522,12.043
2019-10-30 00:00:00,61.538,12.04
2019-10-31 00:00:00,60.578,12.235
2019-11-01 00:00:00,61.966,11.957
2019-11-04 00:00:00,62.703,11.813
2019-11-05 00:00:00,63.026,11.751
2019-11-06 00:00:00,62.588,11.836
2019-11-07 00:00:00,63.345,11.692
2019-11-08 00:00:00,64.134,11.543
2019-11-12 00:00:00,62.896,11.778
2019-11-13 00:00:00,62.372,11.88
2019-11-14 00:00:00,62.367,11.882
2019-11-15 00:00:00,62.453,11.865
2019-11-18 00:00:00,62.516,11.853
2019-11-19 00:00:00,60.042,12.35
2019-11-20 00:00:00,59.46,12.472
2019-11-21 00:00:00,60.081,12.343
2019-11-22 00:00:00,58.546,12.668
2019-11-25 00:00:00,58.78,12.618
2019-11-26 00:00:00,59.572,12.451
2019-11-27 00:00:00,60.394,12.281
2019-11-29 00:00:00,59.451,12.477
2019-12-02 00:00:00,60.023,12.358
2019-12-03 00:00:00,59.022,12.569
2019-12-04 00:00:00,61.489,12.06
2019-12-05 00:00:00,61.394,12.08
2019-12-06 00:00:00,62.882,11.789
2019-12-09 00:00:00,63.238,11.721
2019-12-10 00:00:00,64.318,11.518
2019-12-11 00:00:00,64.568,11.471
2019-12-12 00:00:00,66.136,11.188
2019-12-13 00:00:00,69.098,10.679
2019-12-16 00:00:00,71.869,10.232
2019-12-17 00:00:00,72.389,10.151
2019-12-18 00:00:00,71.846,10.236
2019-12-19 00:00:00,72.191,10.183
2019-12-20 00:00:00,71.582,10.279
2019-12-23 00:00:00,72.306,10.166
2019-12-24 00:00:00,72.219,10.18
2019-12-26 00:00:00,71.819,10.243
2019-12-27 00:00:00,71.563,10.283
2019-12-30 00:00:00,72.059,10.206
2019-12-31 00:00:00,71.56,10.284
2020-01-02 00:00:00,71.637,10.273
2020-01-03 00:00:00,74.254,9.872
2020-01-06 00:00:00,72.949,10.07
2020-01-07 00:00:00,73.325,10.013
2020-01-08 00:00:00,71.372,10.316
2020-01-09 00:00:00,73.499,9.987
2020-01-10 00:00:00,71.803,10.249
2020-01-13 00:00:00,70.8,10.408
2020-01-14 00:00:00,70.879,10.396
2020-01-15 00:00:00,70.816,10.406
2020-01-16 00:00:00,70.904,10.393
2020-01-17 00:00:00,71.031,10.373
2020-01-21 00:00:00,70.724,10.423
2020-01-22 00:00:00,68.82,10.736
2020-01-23 00:00:00,68.523,10.787
2020-01-24 00:00:00,66.994,11.05
2020-01-27 00:00:00,64.919,11.422
2020-01-28 00:00:00,66.357,11.163
2020-01-29 00:00:00,66.571,11.125
2020-01-30 00:00:00,64.98,11.412
2020-01-31 00:00:00,65.012,11.407
2020-02-03 00:00:00,63.901,11.614
2020-02-04 00:00:00,64.87,11.433
2020-02-05 00:00:00,65.844,11.257
2020-02-06 00:00:00,66.043,11.222
2020-02-07 00:00:00,65.991,11.232
2020-02-10 00:00:00,65.581,11.306
2020-02-11 00:00:00,65.17,11.381
2020-02-12 00:00:00,65.438,11.333
2020-02-13 00:00:00,65.473,11.328
2020-02-14 00:00:00,65.156,11.386
2020-02-18 00:00:00,64.392,11.527
2020-02-19 00:00:00,64.395,11.527
2020-02-20 00:00:00,64.616,11.487
2020-02-21 00:00:00,63.81,11.638
2020-02-24 00:00:00,61.638,12.061
2020-02-25 00:00:00,58.632,12.686
2020-02-26 00:00:00,59.843,12.429
2020-02-27 00:00:00,56.19,13.235
2020-02-28 00:00:00,54.571,13.62
2020-03-02 00:00:00,56.849,13.085
2020-03-03 00:00:00,57.073,13.035
2020-03-04 00:00:00,57.728,12.888
2020-03-05 00:00:00,55.766,13.338
2020-03-06 00:00:00,52.752,14.079
2020-03-09 00:00:00,29.046,24.369
2020-03-10 00:00:00,34.715,20.736
2020-03-11 00:00:00,32.986,21.718
2020-03-12 00:00:00,25.725,27.234
2020-03-13 00:00:00,26.554,26.453
2020-03-16 00:00:00,23.996,29.038
2020-03-17 00:00:00,24.824,28.141
2020-03-18 00:00:00,23.256,29.894
2020-03-19 00:00:00,19.851,34.682
2020-03-20 00:00:00,20.245,34.041
2020-03-23 00:00:00,19.877,34.636
2020-03-24 00:00:00,20.19,34.126
2020-03-25 00:00:00,23.386,29.733
2020-03-26 00:00:00,19.965,34.482
2020-03-27 00:00:00,21.099,32.729
2020-03-30 00:00:00,21.235,32.532
2020-03-31 00:00:00,21.352,32.363
2020-04-01 00:00:00,24.997,27.953
2020-04-02 00:00:00,24.844,28.111
2020-04-03 00:00:00,26.658,26.351
2020-04-06 00:00:00,26.695,26.317
2020-04-07 00:00:00,24.876,28.076
2020-04-08 00:00:00,25.854,27.098
2020-04-09 00:00:00,27.469,25.639
2020-04-13 00:00:00,25.965,26.992
2020-04-14 00:00:00,27.562,25.56
2020-04-15 00:00:00,27.59,25.537
2020-04-16 00:00:00,23.541,29.537
2020-04-17 00:00:00,23.08,30.082
2020-04-20 00:00:00,24.233,28.756
2020-04-21 00:00:00,23.409,29.69
2020-04-22 00:00:00,23.896,29.13
2020-04-23 00:00:00,21.463,32.184
2020-04-24 00:00:00,21.503,32.127
2020-04-27 00:00:00,17.632,38.767
2020-04-28 00:00:00,18.507,37.013
2020-04-29 00:00:00,21.597,31.995
2020-04-30 00:00:00,22.284,31.074
2020-05-01 00:00:00,22.494,30.804
2020-05-04 00:00:00,22.165,31.229
2020-05-05 00:00:00,23.249,29.875
2020-05-06 00:00:00,25.753,27.193
2020-05-07 00:00:00,26.51,26.483
2020-05-08 00:00:00,27.591,25.537
2020-05-11 00:00:00,30.308,23.456
2020-05-12 00:00:00,29.915,23.735
2020-05-13 00:00:00,29.828,23.797
2020-05-14 00:00:00,28.623,24.703
2020-05-15 00:00:00,28.499,24.8
2020-05-18 00:00:00,30.097,23.607
2020-05-19 00:00:00,30.007,23.671
2020-05-20 00:00:00,30.433,23.372
2020-05-21 00:00:00,30.196,23.539
2020-05-22 00:00:00,30.163,23.563
2020-05-26 00:00:00,30.583,23.271
2020-05-27 00:00:00,30.748,23.159
2020-05-28 00:00:00,29.91,23.745
2020-05-29 00:00:00,30.168,23.562
2020-06-01 00:00:00,30.046,23.649
2020-06-02 00:00:00,30.799,23.127
2020-06-03 00:00:00,31.921,22.394
2020-06-04 00:00:00,32.569,21.994
2020-06-05 00:00:00,38.221,19.038
2020-06-08 00:00:00,40.463,18.077
2020-06-09 00:00:00,40.305,18.142
2020-06-10 00:00:00,38.941,18.72
2020-06-11 00:00:00,37.977,19.152
2020-06-12 00:00:00,34.29,21.002
2020-06-15 00:00:00,33.585,21.399
2020-06-16 00:00:00,34.155,21.078
2020-06-17 00:00:00,34.244,21.029
2020-06-18 00:00:00,34.108,21.106
2020-06-19 00:00:00,34.056,21.136
2020-06-22 00:00:00,33.075,21.7
2020-06-23 00:00:00,30.5,23.343
2020-06-24 00:00:00,30.528,23.325
2020-06-25 00:00:00,30.603,23.276
2020-06-26 00:00:00,30.187,23.565
2020-06-29 00:00:00,28.552,24.781
2020-06-30 00:00:00,28.971,24.457
2020-07-01 00:00:00,28.125,25.124
2020-07-02 00:00:00,27.549,25.601
2020-07-06 00:00:00,27.073,26.01
2020-07-07 00:00:00,27.005,26.07
2020-07-08 00:00:00,27.216,25.887
2020-07-09 00:00:00,27.301,25.816
2020-07-10 00:00:00,26.656,26.385
2020-07-13 00:00:00,26.563,26.469
2020-07-14 00:00:00,26.039,26.955
2020-07-15 00:00:00,26.191,26.813
2020-07-16 00:00:00,26.802,26.259
2020-07-17 00:00:00,26.424,26.602
2020-07-20 00:00:00,26.698,26.354
2020-07-21 00:00:00,26.41,26.616
2020-07-22 00:00:00,27.383,25.757
2020-07-23 00:00:00,26.329,26.695
2020-07-24 00:00:00,26.356,26.672
2020-07-27 00:00:00,25.739,27.254
2020-07-28 00:00:00,25.293,27.694
2020-07-29 00:00:00,25.599,27.392
2020-07-30 00:00:00,26.617,26.439
2020-07-31 00:00:00,26.097,26.919
2020-08-03 00:00:00,26.447,26.596
2020-08-04 00:00:00,26.257,26.772
2020-08-05 00:00:00,28.154,25.131
2020-08-06 00:00:00,27.412,25.75
2020-08-07 00:00:00,27.69,25.517
2020-08-10 00:00:00,28.665,24.731
2020-08-11 00:00:00,28.933,24.525
2020-08-12 00:00:00,27.768,25.455
2020-08-13 00:00:00,27.188,25.951
2020-08-14 00:00:00,26.768,26.322
2020-08-17 00:00:00,25.959,27.068
2020-08-18 00:00:00,25.451,27.563
2020-08-19 00:00:00,22.189,31.274
2020-08-20 00:00:00,20.401,33.833
2020-08-21 00:00:00,18.995,36.194
2020-08-24 00:00:00,19.034,36.127
2020-08-25 00:00:00,20.101,34.315
2020-08-26 00:00:00,19.765,34.868
2020-08-27 00:00:00,19.861,34.716
2020-08-28 00:00:00,19.739,34.918
2020-08-31 00:00:00,19.813,34.797
2020-09-01 00:00:00,19.873,34.7
2020-09-02 00:00:00,19.86,34.725
2020-09-03 00:00:00,20.242,34.118
2020-09-04 00:00:00,19.907,34.66
2020-09-08 00:00:00,19.34,35.624
2020-09-09 00:00:00,18.55,37.068
2020-09-10 00:00:00,17.847,38.472
2020-09-11 00:00:00,17.083,40.13
2020-09-14 00:00:00,16.281,42.035
2020-09-15 00:00:00,15.908,42.988
2020-09-16 00:00:00,15.152,45.07
2020-09-17 00:00:00,15.432,44.259
2020-09-18 00:00:00,15.962,42.825
2020-09-21 00:00:00,15.95,42.851
2020-09-22 00:00:00,15.663,43.608
2020-09-23 00:00:00,15.912,42.943
2020-09-24 00:00:00,15.997,42.712
2020-09-25 00:00:00,14.748,46.219
2020-09-28 00:00:00,14.961,45.574
2020-09-29 00:00:00,14.05,48.45
2020-09-30 00:00:00,13.68,49.727
2020-10-01 00:00:00,14.014,48.551
2020-10-02 00:00:00,13.811,49.246
2020-10-05 00:00:00,13.941,48.791
2020-10-06 00:00:00,13.611,49.941
2020-10-07 00:00:00,13.708,49.591
2020-10-08 00:00:00,13.652,49.77
2020-10-09 00:00:00,14.002,48.549
2020-10-13 00:00:00,14.102,48.21
2020-10-14 00:00:00,14.184,47.932
2020-10-15 00:00:00,13.596,49.94
2020-10-16 00:00:00,14.13,48.095
2020-10-19 00:00:00,14.803,45.964
2020-10-20 00:00:00,15.087,45.12
2020-10-21 00:00:00,14.643,46.445
2020-10-22 00:00:00,15.382,44.27
2020-10-23 00:00:00,14.767,46.055
2020-10-26 00:00:00,14.834,45.85
2020-10-27 00:00:00,14.637,46.445
2020-10-28 00:00:00,14.104,48.145
2020-10-29 00:00:00,14.053,48.308
2020-10-30 00:00:00,13.533,50.115
2020-11-02 00:00:00,13.88,48.89
2020-11-03 00:00:00,14.227,47.725
2020-11-04 00:00:00,14.341,47.355
2020-11-05 00:00:00,16.006,42.579
2020-11-06 00:00:00,16.128,42.268
2020-11-09 00:00:00,16.356,41.699
2020-11-10 00:00:00,17.06,40.05
2020-11-12 00:00:00,16.815,40.605
2020-11-13 00:00:00,17.176,39.789
2020-11-16 00:00:00,17.933,38.188
2020-11-17 00:00:00,17.575,38.925
2020-11-18 00:00:00,18.045,37.961
2020-11-19 00:00:00,18.486,37.101
2020-11-20 00:00:00,19.621,35.078
2020-11-23 00:00:00,20.633,33.467
2020-11-24 00:00:00,26.02,27.046
2020-11-25 00:00:00,27.138,26.038
2020-11-27 00:00:00,27.434,25.784
2020-11-30 00:00:00,26.46,26.641
2020-12-01 00:00:00,26.974,26.182
2020-12-02 00:00:00,26.614,26.502
2020-12-03 00:00:00,26.206,26.877
2020-12-04 00:00:00,27.717,25.551
2020-12-07 00:00:00,27.96,25.351
2020-12-08 00:00:00,29.109,24.45
2020-12-09 00:00:00,29.512,24.151
2020-12-10 00:00:00,31.197,22.979
2020-12-11 00:00:00,32.649,22.062
2020-12-14 00:00:00,34.373,21.069
2020-12-15 00:00:00,32.853,21.941
2020-12-16 00:00:00,33.041,21.829
2020-12-17 00:00:00,33.708,21.444
2020-12-18 00:00:00,33.963,21.3
2020-12-21 00:00:00,33.081,21.809
2020-12-22 00:00:00,32.058,22.432
2020-12-23 00:00:00,32.834,21.959
2020-12-24 00:00:00,32.834,21.96
2020-12-28 00:00:00,32.917,21.912
2020-12-29 00:00:00,33.064,21.825
2020-12-30 00:00:00,33.449,21.602
2020-12-31 00:00:00,33.537,21.553
2021-01-04 00:00:00,34.63,20.942
2021-01-05 00:00:00,36.492,19.981
2021-01-06 00:00:00,37.436,19.528
2021-01-07 00:00:00,37.417,19.539
2021-01-08 00:00:00,37.81,19.357
2021-01-11 00:00:00,37.207,19.64
2021-01-12 00:00:00,39.456,18.627
2021-01-13 00:00:00,40.146,18.337
2021-01-14 00:00:00,40.659,18.129
2021-01-15 00:00:00,40.006,18.399
2021-01-19 00:00:00,41.662,17.733
2021-01-20 00:00:00,41.116,17.948
2021-01-21 00:00:00,40.17,18.335
2021-01-22 00:00:00,39.538,18.601
2021-01-25 00:00:00,38.712,18.96
2021-01-26 00:00:00,38.157,19.21
2021-01-27 00:00:00,39.05,18.814
2021-01-28 00:00:00,39.405,18.662
2021-01-29 00:00:00,38.126,19.228
2021-02-01 00:00:00,38.207,19.192
2021-02-02 00:00:00,38.73,18.958
2021-02-03 00:00:00,38.815,18.922
2021-02-04 00:00:00,38.459,19.083
2021-02-05 00:00:00,40.039,18.4
2021-02-08 00:00:00,42.573,17.4
2021-02-09 00:00:00,42.947,17.262
2021-02-10 00:00:00,43.493,17.063
2021-02-11 00:00:00,43.467,17.076
2021-02-12 00:00:00,43.439,17.087
2021-02-16 00:00:00,45.128,16.496
2021-02-17 00:00:00,45.785,16.277
2021-02-18 00:00:00,45.635,16.329
2021-02-19 00:00:00,45.438,16.396
2021-02-22 00:00:00,45.596,16.344
2021-02-23 00:00:00,45.741,16.297
2021-02-24 00:00:00,46.084,16.184
2021-02-25 00:00:00,46.093,16.185
2021-02-26 00:00:00,45.822,16.275
2021-03-01 00:00:00,47.638,15.696
2021-03-02 00:00:00,46.763,15.971
2021-03-03 00:00:00,46.901,15.928
2021-03-04 00:00:00,47.003,15.898
2021-03-05 00:00:00,47.801,15.65
2021-03-08 00:00:00,47.619,15.707
2021-03-09 00:00:00,47.995,15.592
2021-03-10 00:00:00,47.363,15.788
2021-03-11 00:00:00,50.127,14.966
2021-03-12 00:00:00,50.888,14.753
2021-03-15 00:00:00,50.81,14.775
2021-03-16 00:00:00,51.171,14.675
2021-03-17 00:00:00,50.883,14.755
2021-03-18 00:00:00,48.306,15.503
2021-03-19 00:00:00,47.045,15.893
2021-03-22 00:00:00,47.065,15.887
2021-03-23 00:00:00,45.771,16.306
2021-03-24 00:00:00,45.253,16.48
2021-03-25 00:00:00,45.388,16.436
2021-03-26 00:00:00,45.047,16.551
2021-03-29 00:00:00,45.59,16.369
2021-03-30 00:00:00,46.629,16.029
2021-03-31 00:00:00,45.687,16.338
2021-04-01 00:00:00,46.614,16.035
2021-04-02 00:00:00,46.614,16.035
2021-04-05 00:00:00,46.438,16.093
2021-04-06 00:00:00,46.495,16.074
2021-04-07 00:00:00,46.587,16.045
2021-04-08 00:00:00,47.11,15.88
2021-04-09 00:00:00,47.983,15.609
2021-04-12 00:00:00,46.505,16.074
2021-04-13 00:00:00,46.617,16.038
2021-04-14 00:00:00,47.4,15.791
2021-04-15 00:00:00,47.427,15.784
2021-04-16 00:00:00,47.649,15.715
2021-04-19 00:00:00,47.866,15.648
2021-04-20 00:00:00,47.276,15.832
2021-04-21 00:00:00,47.043,15.906
2021-04-22 00:00:00,47.092,15.892
2021-04-23 00:00:00,46.726,16.009
2021-04-26 00:00:00,46.623,16.042
2021-04-27 00:00:00,46.902,15.953
2021-04-28 00:00:00,47.684,15.709
2021-04-29 00:00:00,48.545,15.448
2021-04-30 00:00:00,47.86,15.656
2021-05-03 00:00:00,48.156,15.566
2021-05-04 00:00:00,49.228,15.247
2021-05-05 00:00:00,49.559,15.15
2021-05-06 00:00:00,50.22,14.962
2021-05-07 00:00:00,51.306,14.66
2021-05-10 00:00:00,53.061,14.193
2021-05-11 00:00:00,53.636,14.045
2021-05-12 00:00:00,54.324,13.872
2021-05-13 00:00:00,52.862,14.247
2021-05-14 00:00:00,53.551,14.069
2021-05-17 00:00:00,53.987,13.959
2021-05-18 00:00:00,53.744,14.021
2021-05-19 00:00:00,51.985,14.48
2021-05-20 00:00:00,52.268,14.406
2021-05-21 00:00:00,51.527,14.606
2021-05-24 00:00:00,51.922,14.5
2021-05-25 00:00:00,51.923,14.5
2021-05-26 00:00:00,52.793,14.27
2021-05-27 00:00:00,52.152,14.441
2021-05-28 00:00:00,52.24,14.418
2021-06-01 00:00:00,52.812,14.267
2021-06-02 00:00:00,53.74,14.029
2021-06-03 00:00:00,54.252,13.901
2021-06-04 00:00:00,54.666,13.798
2021-06-07 00:00:00,56.778,13.292
2021-06-08 00:00:00,56.517,13.353
2021-06-09 00:00:00,56.725,13.305
2021-06-10 00:00:00,57.091,13.221
2021-06-11 00:00:00,57.374,13.157
2021-06-14 00:00:00,57.347,13.163
2021-06-15 00:00:00,61.036,12.359
2021-06-16 00:00:00,61.39,12.286
2021-06-17 00:00:00,61.555,12.253
2021-06-18 00:00:00,61.088,12.35
2021-06-21 00:00:00,60.296,12.516
2021-06-22 00:00:00,60.585,12.456
2021-06-23 00:00:00,61.218,12.324
2021-06-24 00:00:00,61.912,12.183
2021-06-25 00:00:00,63.224,11.921
2021-06-28 00:00:00,63.4,11.887
2021-06-29 00:00:00,64.055,11.759
2021-06-30 00:00:00,64.723,11.632
2021-07-01 00:00:00,67.984,11.036
2021-07-02 00:00:00,68.437,10.957
2021-07-06 00:00:00,69.955,10.696
2021-07-07 00:00:00,69.991,10.691
2021-07-08 00:00:00,66.304,11.34
2021-07-09 00:00:00,68.473,10.953
2021-07-12 00:00:00,67.38,11.146
2021-07-13 00:00:00,66.782,11.254
2021-07-14 00:00:00,66.095,11.38
2021-07-15 00:00:00,62.908,11.992
2021-07-16 00:00:00,59.812,12.632
2021-07-19 00:00:00,53.648,14.077
2021-07-20 00:00:00,54.132,13.955
2021-07-21 00:00:00,57.08,13.244
2021-07-22 00:00:00,58.318,12.963
2021-07-23 00:00:00,58.728,12.873
2021-07-26 00:00:00,54.513,13.863
2021-07-27 00:00:00,52.188,14.464
2021-07-28 00:00:00,52.945,14.264
2021-07-29 00:00:00,54.456,13.88
2021-07-30 00:00:00,54.34,13.909
2021-08-02 00:00:00,54.474,13.876
2021-08-03 00:00:00,54.112,13.968
2021-08-04 00:00:00,52.201,14.465
2021-08-05 00:00:00,50.597,14.907
2021-08-06 00:00:00,51.196,14.741
2021-08-09 00:00:00,47.836,15.722
2021-08-10 00:00:00,49.192,15.314
2021-08-11 00:00:00,48.596,15.492
2021-08-12 00:00:00,49.696,15.169
2021-08-13 00:00:00,49.169,15.324
2021-08-16 00:00:00,48.358,15.568
2021-08-17 00:00:00,48.8,15.435
2021-08-18 00:00:00,49.207,15.315
2021-08-19 00:00:00,47.688,15.777
2021-08-20 00:00:00,47.043,15.981
2021-08-23 00:00:00,48.123,15.644
2021-08-24 00:00:00,49.935,15.107
2021-08-25 00:00:00,51.808,14.584
2021-08-26 00:00:00,52.588,14.378
2021-08-27 00:00:00,53.542,14.129
2021-08-30 00:00:00,55.681,13.596
2021-08-31 00:00:00,55.052,13.75
2021-09-01 00:00:00,55.18,13.719
2021-09-02 00:00:00,57.188,13.244
2021-09-03 00:00:00,57.245,13.231
2021-09-07 00:00:00,56.996,13.29
2021-09-08 00:00:00,57.419,13.192
2021-09-09 00:00:00,56.656,13.372
2021-09-10 00:00:00,56.286,13.46
2021-09-13 00:00:00,56.182,13.485
2021-09-14 00:00:00,56.694,13.364
2021-09-15 00:00:00,56.839,13.331
2021-09-16 00:00:00,57.421,13.197
2021-09-17 00:00:00,57.996,13.065
2021-09-20 00:00:00,55.952,13.543
2021-09-21 00:00:00,55.493,13.654
2021-09-22 00:00:00,55.39,13.679
2021-09-23 00:00:00,55.751,13.593
2021-09-24 00:00:00,56.015,13.53
2021-09-27 00:00:00,57.009,13.295
2021-09-28 00:00:00,59.35,12.767
2021-09-29 00:00:00,59.338,12.77
2021-09-30 00:00:00,59.29,12.782
2021-10-01 00:00:00,60.017,12.624
2021-10-04 00:00:00,60.736,12.471
2021-10-05 00:00:00,62.116,12.186
2021-10-06 00:00:00,61.18,12.379
2021-10-07 00:00:00,61.163,12.384
2021-10-08 00:00:00,61.345,12.346
2021-10-12 00:00:00,61.388,12.338
2021-10-13 00:00:00,60.873,12.446
2021-10-14 00:00:00,60.376,12.552
2021-10-15 00:00:00,61.637,12.288
2021-10-18 00:00:00,61.783,12.258
2021-10-19 00:00:00,62.285,12.156
2021-10-20 00:00:00,62.516,12.109
2021-10-21 00:00:00,62.734,12.067
2021-10-22 00:00:00,62.083,12.199
2021-10-25 00:00:00,62.311,12.153
2021-10-26 00:00:00,62.741,12.066
2021-10-27 00:00:00,62.431,12.129
2021-10-28 00:00:00,60.792,12.469
2021-10-29 00:00:00,60.033,12.631
2021-11-01 00:00:00,60.777,12.473
2021-11-02 00:00:00,59.711,12.701
2021-11-03 00:00:00,58.534,12.961
2021-11-04 00:00:00,58.603,12.947
2021-11-05 00:00:00,59.258,12.802
2021-11-08 00:00:00,60.165,12.606
2021-11-09 00:00:00,59.405,12.771
2021-11-10 00:00:00,58.882,12.888
2021-11-12 00:00:00,56.991,13.319
2021-11-15 00:00:00,56.191,13.508
2021-11-16 00:00:00,56.189,13.509
2021-11-17 00:00:00,55.402,13.7
2021-11-18 00:00:00,55.313,13.723
2021-11-19 00:00:00,54.893,13.827
2021-11-22 00:00:00,55.143,13.766
2021-11-23 00:00:00,55.03,13.795
2021-11-24 00:00:00,54.951,13.816
2021-11-26 00:00:00,51.707,14.659
2021-11-29 00:00:00,52.965,14.323
2021-11-30 00:00:00,50.384,15.029
2021-12-01 00:00:00,51.697,14.664
2021-12-02 00:00:00,50.823,14.907
2021-12-03 00:00:00,51.882,14.616
2021-12-06 00:00:00,52.149,14.544
2021-12-07 00:00:00,55.327,13.728
2021-12-08 00:00:00,55.511,13.683
2021-12-09 00:00:00,55.183,13.766
2021-12-10 00:00:00,55.405,13.711
2021-12-13 00:00:00,54.791,13.864
2021-12-14 00:00:00,53.724,14.134
2021-12-15 00:00:00,53.144,14.285
2021-12-16 00:00:00,54.287,13.993
2021-12-17 00:00:00,53.924,14.085
2021-12-20 00:00:00,52.48,14.463
2021-12-21 00:00:00,52.665,14.414
2021-12-22 00:00:00,54.185,14.022
2021-12-23 00:00:00,53.902,14.095
2021-12-27 00:00:00,54.458,13.955
2021-12-28 00:00:00,54.837,13.86
2021-12-29 00:00:00,54.842,13.86
2021-12-30 00:00:00,55.084,13.801
2021-12-31 00:00:00,54.301,13.997
2022-01-03 00:00:00,55.952,13.59
2022-01-04 00:00:00,57.031,13.334
2022-01-05 00:00:00,58.656,12.963
2022-01-06 00:00:00,58.543,12.99
2022-01-07 00:00:00,58.238,13.059
2022-01-10 00:00:00,57.735,13.174
2022-01-11 00:00:00,60.24,12.618
2022-01-12 00:00:00,61.465,12.36
2022-01-13 00:00:00,59.621,12.755
2022-01-14 00:00:00,60.298,12.609
2022-01-18 00:00:00,60.386,12.59
2022-01-19 00:00:00,61.482,12.359
2022-01-20 00:00:00,60.139,12.646
2022-01-21 00:00:00,59.162,12.86
2022-01-24 00:00:00,57.479,13.241
2022-01-25 00:00:00,57.437,13.251
2022-01-26 00:00:00,58.299,13.054
2022-01-27 00:00:00,57.766,13.178
2022-01-28 00:00:00,57.717,13.189
2022-01-31 00:00:00,57.913,13.145
2022-02-01 00:00:00,58.63,12.983
2022-02-02 00:00:00,59.802,12.724
2022-02-03 00:00:00,59.69,12.75
2022-02-04 00:00:00,58.666,12.977
2022-02-07 00:00:00,59.461,12.801
2022-02-08 00:00:00,59.583,12.775
2022-02-09 00:00:00,60.321,12.616
2022-02-10 00:00:00,59.09,12.886
2022-02-11 00:00:00,58.829,12.945
2022-02-14 00:00:00,58.915,12.926
2022-02-15 00:00:00,58.211,13.085
2022-02-16 00:00:00,58.894,12.932
2022-02-17 00:00:00,59.11,12.886
2022-02-18 00:00:00,58.499,13.024
2022-02-22 00:00:00,57.922,13.156
2022-02-23 00:00:00,57.746,13.197
2022-02-24 00:00:00,57.594,13.234
2022-02-25 00:00:00,57.911,13.162
2022-02-28 00:00:00,58.298,13.075
2022-03-01 00:00:00,59.169,12.88
2022-03-02 00:00:00,59.413,12.826
2022-03-03 00:00:00,60.111,12.676
2022-03-04 00:00:00,60.905,12.506
2022-03-07 00:00:00,63.288,12.015
2022-03-08 00:00:00,64.361,11.804
2022-03-09 00:00:00,64.095,11.856
2022-03-10 00:00:00,62.806,12.115
2022-03-11 00:00:00,62.824,12.112
2022-03-14 00:00:00,61.01,12.488
2022-03-15 00:00:00,59.326,12.853
2022-03-16 00:00:00,59.493,12.817
2022-03-17 00:00:00,61.34,12.42
2022-03-18 00:00:00,61.656,12.354
2022-03-21 00:00:00,63.519,11.975
2022-03-22 00:00:00,64.655,11.752
2022-03-23 00:00:00,65.507,11.589
2022-03-24 00:00:00,65.711,11.551
2022-03-25 00:00:00,65.716,11.55
2022-03-28 00:00:00,65.34,11.622
2022-03-29 00:00:00,65.919,11.513
2022-03-30 00:00:00,67.764,11.172
2022-03-31 00:00:00,67.248,11.267
2022-04-01 00:00:00,67.339,11.251
2022-04-04 00:00:00,66.708,11.367
2022-04-05 00:00:00,65.99,11.501
2022-04-06 00:00:00,64.844,11.72
2022-04-07 00:00:00,64.579,11.773
2022-04-08 00:00:00,64.141,11.859
2022-04-11 00:00:00,64.241,11.839
2022-04-12 00:00:00,63.207,12.045
2022-04-13 00:00:00,62.92,12.104
2022-04-14 00:00:00,63.451,11.998
2022-04-18 00:00:00,63.874,11.914
2022-04-19 00:00:00,64.256,11.839
2022-04-20 00:00:00,64.328,11.826
2022-04-21 00:00:00,64.658,11.762
2022-04-22 00:00:00,63.504,11.99
2022-04-25 00:00:00,62.305,12.233
2022-04-26 00:00:00,62.11,12.274
2022-04-27 00:00:00,61.343,12.434
2022-04-28 00:00:00,61.19,12.468
2022-04-29 00:00:00,60.795,12.552
2022-05-02 00:00:00,59.648,12.801
2022-05-03 00:00:00,61.354,12.434
2022-05-04 00:00:00,62.576,12.181
2022-05-05 00:00:00,60.979,12.515
2022-05-06 00:00:00,60.379,12.644
2022-05-09 00:00:00,58.856,12.98
2022-05-10 00:00:00,58.396,13.085
2022-05-11 00:00:00,57.465,13.299
2022-05-12 00:00:00,53.86,14.185
2022-05-13 00:00:00,54.512,14.019
2022-05-16 00:00:00,55.379,13.802
2022-05-17 00:00:00,56.302,13.578
2022-05-18 00:00:00,55.139,13.863
2022-05-19 00:00:00,54.105,14.125
2022-05-20 00:00:00,54.039,14.143
2022-05-23 00:00:00,54.167,14.111
2022-05-24 00:00:00,54.277,14.083
2022-05-25 00:00:00,55.902,13.679
2022-05-26 00:00:00,58.09,13.164
2022-05-27 00:00:00,59.548,12.835
2022-05-31 00:00:00,59.791,12.783
2022-06-01 00:00:00,60.22,12.689
2022-06-02 00:00:00,60.619,12.605
2022-06-03 00:00:00,59.531,12.842
2022-06-06 00:00:00,59.534,12.842
2022-06-07 00:00:00,60.326,12.669
2022-06-08 00:00:00,62.28,12.257
2022-06-09 00:00:00,63.228,12.065
2022-06-10 00:00:00,61.972,12.322
2022-06-13 00:00:00,59.324,12.892
2022-06-14 00:00:00,58.974,12.971
2022-06-15 00:00:00,58.942,12.978
2022-06-16 00:00:00,58.252,13.137
2022-06-17 00:00:00,57.519,13.307
2022-06-21 00:00:00,56.825,13.471
2022-06-22 00:00:00,56.193,13.623
2022-06-23 00:00:00,54.565,14.028
2022-06-24 00:00:00,54.695,13.996
2022-06-27 00:00:00,55.643,13.76
2022-06-28 00:00:00,54.957,13.931
2022-06-29 00:00:00,54.114,14.145
2022-06-30 00:00:00,52.143,14.669
2022-07-01 00:00:00,52.235,14.645
2022-07-05 00:00:00,50.467,15.139
2022-07-06 00:00:00,49.812,15.33
2022-07-07 00:00:00,51.088,14.966
2022-07-08 00:00:00,50.388,15.166
2022-07-11 00:00:00,49.572,15.405
2022-07-12 00:00:00,46.84,16.251
2022-07-13 00:00:00,44.031,17.211
2022-07-14 00:00:00,41.504,18.169
2022-07-15 00:00:00,40.576,18.546
2022-07-18 00:00:00,41.698,18.094
2022-07-19 00:00:00,40.673,18.508
2022-07-20 00:00:00,41.58,18.142
2022-07-21 00:00:00,41.248,18.277
2022-07-22 00:00:00,40.894,18.422
2022-07-25 00:00:00,40.965,18.394
2022-07-26 00:00:00,40.892,18.425
2022-07-27 00:00:00,42.358,17.845
2022-07-28 00:00:00,44.371,17.104
2022-07-29 00:00:00,45.768,16.621
2022-08-01 00:00:00,49.763,15.363
2022-08-02 00:00:00,55.942,13.708
2022-08-03 00:00:00,56.344,13.611
2022-08-04 00:00:00,55.327,13.863
2022-08-05 00:00:00,54.344,14.111
2022-08-08 00:00:00,53.776,14.258
2022-08-09 00:00:00,53.741,14.268
2022-08-10 00:00:00,54.047,14.19
2022-08-11 00:00:00,53.885,14.234
2022-08-12 00:00:00,54.767,14.009
2022-08-15 00:00:00,54.227,14.147
2022-08-16 00:00:00,54.155,14.166
2022-08-17 00:00:00,53.897,14.234
2022-08-18 00:00:00,53.659,14.298
2022-08-19 00:00:00,54.248,14.146
2022-08-22 00:00:00,53.774,14.269
2022-08-23 00:00:00,53.981,14.216
2022-08-24 00:00:00,53.822,14.258
2022-08-25 00:00:00,55.76,13.77
2022-08-26 00:00:00,55.75,13.773
2022-08-29 00:00:00,56.127,13.682
2022-08-30 00:00:00,54.218,14.16
2022-08-31 00:00:00,53.342,14.389
2022-09-01 00:00:00,53.078,14.462
2022-09-02 00:00:00,52.873,14.517
2022-09-06 00:00:00,53.018,14.479
2022-09-07 00:00:00,54.05,14.209
2022-09-08 00:00:00,54.799,14.02
2022-09-09 00:00:00,55.082,13.949
2022-09-12 00:00:00,55.611,13.818
2022-09-13 00:00:00,56.312,13.647
2022-09-14 00:00:00,56.729,13.547
2022-09-15 00:00:00,56.44,13.617
2022-09-16 00:00:00,55.561,13.833
2022-09-19 00:00:00,55.844,13.764
2022-09-20 00:00:00,54.378,14.132
2022-09-21 00:00:00,54.363,14.137
2022-09-22 00:00:00,51.984,14.77
2022-09-23 00:00:00,49.902,15.363
2022-09-26 00:00:00,48.306,15.845
2022-09-27 00:00:00,48.622,15.749
2022-09-28 00:00:00,48.437,15.806
2022-09-29 00:00:00,49.159,15.588
2022-09-30 00:00:00,49.361,15.527
2022-10-03 00:00:00,51.349,14.951
2022-10-04 00:00:00,53.512,14.364
2022-10-05 00:00:00,53.394,14.396
2022-10-06 00:00:00,53.149,14.462
2022-10-07 00:00:00,53.67,14.325
2022-10-11 00:00:00,53.693,14.32
2022-10-12 00:00:00,54.755,14.047
2022-10-13 00:00:00,55.405,13.885
2022-10-14 00:00:00,55.893,13.764
2022-10-17 00:00:00,56.236,13.681
2022-10-18 00:00:00,56.416,13.638
2022-10-19 00:00:00,56.428,13.635
2022-10-20 00:00:00,57.121,13.47
2022-10-21 00:00:00,57.1,13.476
2022-10-24 00:00:00,57.771,13.318
2022-10-25 00:00:00,58.271,13.202
2022-10-26 00:00:00,58.944,13.049
2022-10-27 00:00:00,60.029,12.808
2022-10-28 00:00:00,60.515,12.702
2022-10-31 00:00:00,60.419,12.723
2022-11-01 00:00:00,61.812,12.425
2022-11-02 00:00:00,61.197,12.556
2022-11-03 00:00:00,63.85,12.007
2022-11-04 00:00:00,63.962,11.985
2022-11-07 00:00:00,63.887,12
2022-11-08 00:00:00,63.857,12.007
2022-11-09 00:00:00,63.901,12
2022-11-10 00:00:00,64.102,11.96
2022-11-14 00:00:00,64.759,11.83
2022-11-15 00:00:00,65.752,11.638
2022-11-16 00:00:00,65.986,11.593
2022-11-17 00:00:00,65.271,11.732
2022-11-18 00:00:00,65.024,11.781
2022-11-21 00:00:00,63.439,12.097
2022-11-22 00:00:00,63.266,12.133
2022-11-23 00:00:00,63.297,12.128
2022-11-25 00:00:00,63.581,12.071
2022-11-28 00:00:00,62.285,12.338
2022-11-29 00:00:00,61.97,12.404
2022-11-30 00:00:00,62.745,12.243
2022-12-01 00:00:00,65.067,11.778
2022-12-02 00:00:00,64.731,11.844
2022-12-05 00:00:00,64.06,11.978
2022-12-06 00:00:00,63.269,12.139
2022-12-07 00:00:00,62.261,12.347
2022-12-08 00:00:00,63.083,12.178
2022-12-09 00:00:00,62.827,12.232
2022-12-12 00:00:00,62.385,12.324
2022-12-13 00:00:00,62.744,12.25
2022-12-14 00:00:00,62.944,12.209
2022-12-15 00:00:00,62.981,12.203
2022-12-16 00:00:00,63.186,12.161
2022-12-19 00:00:00,62.325,12.34
2022-12-20 00:00:00,63.572,12.084
2022-12-21 00:00:00,64.009,11.996
2022-12-22 00:00:00,63.509,12.099
2022-12-23 00:00:00,63.529,12.095
2022-12-27 00:00:00,64.203,11.96
2022-12-28 00:00:00,63.63,12.076
2022-12-29 00:00:00,63.546,12.095
2022-12-30 00:00:00,63.524,12.099
2023-01-03 00:00:00,63.934,12.017
2023-01-04 00:00:00,64.045,11.995
2023-01-05 00:00:00,65.154,11.777
2023-01-06 00:00:00,65.649,11.681
2023-01-09 00:00:00,68.299,11.183
2023-01-10 00:00:00,69.878,10.9
2023-01-11 00:00:00,71.622,10.598
2023-01-12 00:00:00,71.974,10.54
2023-01-13 00:00:00,71.198,10.673
2023-01-17 00:00:00,71.89,10.555
2023-01-18 00:00:00,72.108,10.518
2023-01-19 00:00:00,71.329,10.652
2023-01-20 00:00:00,70.289,10.833
2023-01-23 00:00:00,70.471,10.802
2023-01-24 00:00:00,70.123,10.863
2023-01-25 00:00:00,70.36,10.822
2023-01-26 00:00:00,69.992,10.888
2023-01-27 00:00:00,70.311,10.832
2023-01-30 00:00:00,69.297,11.012
2023-01-31 00:00:00,71.046,10.705
2023-02-01 00:00:00,72.438,10.468
2023-02-02 00:00:00,72.187,10.512
2023-02-03 00:00:00,72.634,10.437
2023-02-06 00:00:00,72.537,10.453
2023-02-07 00:00:00,72.351,10.485
2023-02-08 00:00:00,72.683,10.43
2023-02-09 00:00:00,73.167,10.35
2023-02-10 00:00:00,72.961,10.385
2023-02-13 00:00:00,72.325,10.492
2023-02-14 00:00:00,72.921,10.392
2023-02-15 00:00:00,72.595,10.447
2023-02-16 00:00:00,72.075,10.537
2023-02-17 00:00:00,71.825,10.58
2023-02-21 00:00:00,70.733,10.768
2023-02-22 00:00:00,69.155,11.048
2023-02-23 00:00:00,68.882,11.099
2023-02-24 00:00:00,68.948,11.087
2023-02-27 00:00:00,69.023,11.075
2023-02-28 00:00:00,68.79,11.118
2023-03-01 00:00:00,69.868,10.925
2023-03-02 00:00:00,70.364,10.839
2023-03-03 00:00:00,70.887,10.748
2023-03-06 00:00:00,71.7,10.608
2023-03-07 00:00:00,71.038,10.722
2023-03-08 00:00:00,71.33,10.672
2023-03-09 00:00:00,70.988,10.733
2023-03-10 00:00:00,70.104,10.888
2023-03-13 00:00:00,69.162,11.057
2023-03-14 00:00:00,68.681,11.145
2023-03-15 00:00:00,68.089,11.253
2023-03-16 00:00:00,67.858,11.297
2023-03-17 00:00:00,67.17,11.426
2023-03-20 00:00:00,66.302,11.592
2023-03-21 00:00:00,67.314,11.4
2023-03-22 00:00:00,67.362,11.391
2023-03-23 00:00:00,66.715,11.514
2023-03-24 00:00:00,66.059,11.641
2023-03-27 00:00:00,66.424,11.571
2023-03-28 00:00:00,66.904,11.48
2023-03-29 00:00:00,67.66,11.338
2023-03-30 00:00:00,68.694,11.148
2023-03-31 00:00:00,69.36,11.028
2023-04-03 00:00:00,69.452,11.011
2023-04-04 00:00:00,70.328,10.856
2023-04-05 00:00:00,70.674,10.797
2023-04-06 00:00:00,70.576,10.814
2023-04-07 00:00:00,69.953,10.924
2023-04-10 00:00:00,70.056,10.906
2023-04-11 00:00:00,70.49,10.83
2023-04-12 00:00:00,70.232,10.876
2023-04-13 00:00:00,70.729,10.789
2023-04-14 00:00:00,70.996,10.743
2023-04-17 00:00:00,71.258,10.698
2023-04-18 00:00:00,71.323,10.687
2023-04-19 00:00:00,70.891,10.762
2023-04-20 00:00:00,70.714,10.794
2023-04-21 00:00:00,70.062,10.91
2023-04-24 00:00:00,69.831,10.951
2023-04-25 00:00:00,69.1,11.083
2023-04-26 00:00:00,68.759,11.145
2023-04-27 00:00:00,67.981,11.289
2023-04-28 00:00:00,68.056,11.276
2023-05-01 00:00:00,68.244,11.242
2023-05-02 00:00:00,68.836,11.133
2023-05-03 00:00:00,67.744,11.335
2023-05-04 00:00:00,68.105,11.269
2023-05-05 00:00:00,68.742,11.153
2023-05-08 00:00:00,68.982,11.109
2023-05-09 00:00:00,68.191,11.255
2023-05-10 00:00:00,68.399,11.217
2023-05-11 00:00:00,68.653,11.171
2023-05-12 00:00:00,67.845,11.321
2023-05-15 00:00:00,68.012,11.29
2023-05-16 00:00:00,68.043,11.285
2023-05-17 00:00:00,67.258,11.432
2023-05-18 00:00:00,67.064,11.47
2023-05-19 00:00:00,66.783,11.524
2023-05-22 00:00:00,66.941,11.494
2023-05-23 00:00:00,67.392,11.41
2023-05-24 00:00:00,67.418,11.405
2023-05-25 00:00:00,67.046,11.477
2023-05-26 00:00:00,67.282,11.433
2023-05-30 00:00:00,67.575,11.378
2023-05-31 00:00:00,67.62,11.37
2023-06-01 00:00:00,66.435,11.596
2023-06-02 00:00:00,67.331,11.426
2023-06-05 00:00:00,68.235,11.257
2023-06-06 00:00:00,68.823,11.15
2023-06-07 00:00:00,69.335,11.057
2023-06-08 00:00:00,68.799,11.156
2023-06-09 00:00:00,69.007,11.118
2023-06-12 00:00:00,68.338,11.241
2023-06-13 00:00:00,67.812,11.34
2023-06-14 00:00:00,67.301,11.436
2023-06-15 00:00:00,68.079,11.292
2023-06-16 00:00:00,67.953,11.316
2023-06-20 00:00:00,67.698,11.364
2023-06-21 00:00:00,67.77,11.351
2023-06-22 00:00:00,67.608,11.383
2023-06-23 00:00:00,67.54,11.396
2023-06-26 00:00:00,67.549,11.395
2023-06-27 00:00:00,67.691,11.369
2023-06-28 00:00:00,68.626,11.195
2023-06-29 00:00:00,69.105,11.109
2023-06-30 00:00:00,70.274,10.9
2023-07-03 00:00:00,71.322,10.716
2023-07-05 00:00:00,71.875,10.62
2023-07-06 00:00:00,71.795,10.635
2023-07-07 00:00:00,72.131,10.578
2023-07-10 00:00:00,72.95,10.439
2023-07-11 00:00:00,74.953,10.108
2023-07-12 00:00:00,75.42,10.033
2023-07-13 00:00:00,75.366,10.043
2023-07-14 00:00:00,74.91,10.117
2023-07-17 00:00:00,75.163,10.077
2023-07-18 00:00:00,76.959,9.792
2023-07-19 00:00:00,77.244,9.748
2023-07-20 00:00:00,76.824,9.814
2023-07-21 00:00:00,77.142,9.765
2023-07-24 00:00:00,77.817,9.661
2023-07-25 00:00:00,78.27,9.591
2023-07-26 00:00:00,78.385,9.574
2023-07-27 00:00:00,77.429,9.722
2023-07-28 00:00:00,77.64,9.69
2023-07-31 00:00:00,79.182,9.455
2023-08-01 00:00:00,79.679,9.381
2023-08-02 00:00:00,79.221,9.45
2023-08-03 00:00:00,79.058,9.475
2023-08-04 00:00:00,79.22,9.451
2023-08-07 00:00:00,79.619,9.392
2023-08-08 00:00:00,79.222,9.451
2023-08-09 00:00:00,78.945,9.493
2023-08-10 00:00:00,78.987,9.488
2023-08-11 00:00:00,79.3,9.441
2023-08-14 00:00:00,79.03,9.482
2023-08-15 00:00:00,79.119,9.469
2023-08-16 00:00:00,79.246,9.45
2023-08-17 00:00:00,78.932,9.499
2023-08-18 00:00:00,78.159,9.617
2023-08-21 00:00:00,77.897,9.657
2023-08-22 00:00:00,77.702,9.688
2023-08-23 00:00:00,77.798,9.673
2023-08-24 00:00:00,77.007,9.798
2023-08-25 00:00:00,76.879,9.818
2023-08-28 00:00:00,77.296,9.753
2023-08-29 00:00:00,76.854,9.823
2023-08-30 00:00:00,77.497,9.722
2023-08-31 00:00:00,77.847,9.669
2023-09-01 00:00:00,78.906,9.508
2023-09-05 00:00:00,78.424,9.581
2023-09-06 00:00:00,78.491,9.572
2023-09-07 00:00:00,78.042,9.642
2023-09-08 00:00:00,78.785,9.528
2023-09-11 00:00:00,77.996,9.649
2023-09-12 00:00:00,78.586,9.559
2023-09-13 00:00:00,79.553,9.413
2023-09-14 00:00:00,80.177,9.321
2023-09-15 00:00:00,80.402,9.288
2023-09-18 00:00:00,80.28,9.306
2023-09-19 00:00:00,79.239,9.462
2023-09-20 00:00:00,79.31,9.451
2023-09-21 00:00:00,78.845,9.523
2023-09-22 00:00:00,77.998,9.653
2023-09-25 00:00:00,77.015,9.806
2023-09-26 00:00:00,76.027,9.963
2023-09-27 00:00:00,77.434,9.741
2023-09-28 00:00:00,77.151,9.786
2023-09-29 00:00:00,76.748,9.85
2023-10-02 00:00:00,74.776,10.167
2023-10-03 00:00:00,73.62,10.36
2023-10-04 00:00:00,72.964,10.471
2023-10-05 00:00:00,71.82,10.669
2023-10-06 00:00:00,72.38,10.572
2023-10-10 00:00:00,73.676,10.352
2023-10-11 00:00:00,74.505,10.215
2023-10-12 00:00:00,73.974,10.304
2023-10-13 00:00:00,74.563,10.207
2023-10-16 00:00:00,74.163,10.273
2023-10-17 00:00:00,73.672,10.355
2023-10-18 00:00:00,72.954,10.477
2023-10-19 00:00:00,70.978,10.821
2023-10-20 00:00:00,70.256,10.95
2023-10-23 00:00:00,71.423,10.743
2023-10-24 00:00:00,72.079,10.629
2023-10-25 00:00:00,71.808,10.677
2023-10-26 00:00:00,71.136,10.796
2023-10-27 00:00:00,71.039,10.813
2023-10-30 00:00:00,71.226,10.78
2023-10-31 00:00:00,71.463,10.739
2023-11-01 00:00:00,71.861,10.67
2023-11-02 00:00:00,73.266,10.429
2023-11-03 00:00:00,75.749,10.019
2023-11-06 00:00:00,74.299,10.257
2023-11-07 00:00:00,73.586,10.377
2023-11-08 00:00:00,72.696,10.528
2023-11-09 00:00:00,73.427,10.405
2023-11-10 00:00:00,73.046,10.47
2023-11-13 00:00:00,72.73,10.524
2023-11-14 00:00:00,74.059,10.3
2023-11-15 00:00:00,74.871,10.166
2023-11-16 00:00:00,72.94,10.49
2023-11-17 00:00:00,75.562,10.054
2023-11-20 00:00:00,73.82,10.342
2023-11-21 00:00:00,74.303,10.262
2023-11-22 00:00:00,73.726,10.359
2023-11-24 00:00:00,73.738,10.358
2023-11-27 00:00:00,73.781,10.351
2023-11-28 00:00:00,74.769,10.187
2023-11-29 00:00:00,75.31,10.098
2023-11-30 00:00:00,75.645,10.045
2023-12-01 00:00:00,76.557,9.898
2023-12-04 00:00:00,77.301,9.781
2023-12-05 00:00:00,77.214,9.795
2023-12-06 00:00:00,75.144,10.128
2023-12-07 00:00:00,74.584,10.221
2023-12-08 00:00:00,74.27,10.274
2023-12-11 00:00:00,74.167,10.291
2023-12-12 00:00:00,73.233,10.449
2023-12-13 00:00:00,74.603,10.22
2023-12-14 00:00:00,78.069,9.665
2023-12-15 00:00:00,77.874,9.695
2023-12-18 00:00:00,78.6,9.583
2023-12-19 00:00:00,79.961,9.376
2023-12-20 00:00:00,79.759,9.407
2023-12-21 00:00:00,79.641,9.426
2023-12-22 00:00:00,79.669,9.422
2023-12-26 00:00:00,79.96,9.378
2023-12-27 00:00:00,81.758,9.112
2023-12-28 00:00:00,81.487,9.153
2023-12-29 00:00:00,80.303,9.329
2024-01-02 00:00:00,79.352,9.472
2024-01-03 00:00:00,79.17,9.5
2024-01-04 00:00:00,79.47,9.456
2024-01-05 00:00:00,79.952,9.383
2024-01-08 00:00:00,79.565,9.442
2024-01-09 00:00:00,80.042,9.37
2024-01-10 00:00:00,79.421,9.464
2024-01-11 00:00:00,79.822,9.405
2024-01-12 00:00:00,79.668,9.428
2024-01-16 00:00:00,79.255,9.491
2024-01-17 00:00:00,79.255,9.492
2024-01-18 00:00:00,78.207,9.654
2024-01-19 00:00:00,77.717,9.731
2024-01-22 00:00:00,78.618,9.591
2024-01-23 00:00:00,78.872,9.552
2024-01-24 00:00:00,78.793,9.565
2024-01-25 00:00:00,79.601,9.442
2024-01-26 00:00:00,80.459,9.313
2024-01-29 00:00:00,81.549,9.152
2024-01-30 00:00:00,81.463,9.165
2024-01-31 00:00:00,81.014,9.231
2024-02-01 00:00:00,81.264,9.195
2024-02-02 00:00:00,80.006,9.383
2024-02-05 00:00:00,78.935,9.547
2024-02-06 00:00:00,79.408,9.475
2024-02-07 00:00:00,79.412,9.474
2024-02-08 00:00:00,79.238,9.502
2024-02-09 00:00:00,79.599,9.447
2024-02-12 00:00:00,79.304,9.493
2024-02-13 00:00:00,78.524,9.613
2024-02-14 00:00:00,78.538,9.611
2024-02-15 00:00:00,78.746,9.581
2024-02-16 00:00:00,77.999,9.697
2024-02-20 00:00:00,77.166,9.829
2024-02-21 00:00:00,77.345,9.801
2024-02-22 00:00:00,77.517,9.775
2024-02-23 00:00:00,77.871,9.72
2024-02-26 00:00:00,77.727,9.743
2024-02-27 00:00:00,78.012,9.698
2024-02-28 00:00:00,78.004,9.7
2024-02-29 00:00:00,78.251,9.663
2024-03-01 00:00:00,78.558,9.615
2024-03-04 00:00:00,79.997,9.395
2024-03-05 00:00:00,79.942,9.404
2024-03-06 00:00:00,80.841,9.269
2024-03-07 00:00:00,81.277,9.205
2024-03-08 00:00:00,79.356,9.495
2024-03-11 00:00:00,79.914,9.41
2024-03-12 00:00:00,81.769,9.133
2024-03-13 00:00:00,82.24,9.064
2024-03-14 00:00:00,82.13,9.081
2024-03-15 00:00:00,82.138,9.08
2024-03-18 00:00:00,81.957,9.107
2024-03-19 00:00:00,82.795,8.985
2024-03-20 00:00:00,82.621,9.01
2024-03-21 00:00:00,83.045,8.95
2024-03-22 00:00:00,82.915,8.969
2024-03-25 00:00:00,83.41,8.898
2024-03-26 00:00:00,83.437,8.894
2024-03-27 00:00:00,83.783,8.845
2024-03-28 00:00:00,83.656,8.863
2024-04-01 00:00:00,83.71,8.856
2024-04-02 00:00:00,83.815,8.841
2024-04-03 00:00:00,84.323,8.769
2024-04-04 00:00:00,84.957,8.68
2024-04-05 00:00:00,84.593,8.732
2024-04-08 00:00:00,84.763,8.708
2024-04-09 00:00:00,84.459,8.751
2024-04-10 00:00:00,84.282,8.776
2024-04-11 00:00:00,84.051,8.809
2024-04-12 00:00:00,82.822,8.986
2024-04-15 00:00:00,81.894,9.122
2024-04-16 00:00:00,81.209,9.224
2024-04-17 00:00:00,82.016,9.104
2024-04-18 00:00:00,80.13,9.387
2024-04-19 00:00:00,79.641,9.462
2024-04-22 00:00:00,81.051,9.249
2024-04-23 00:00:00,80.944,9.265
2024-04-24 00:00:00,81.449,9.19
2024-04-25 00:00:00,81.131,9.238
2024-04-26 00:00:00,81.927,9.12
2024-04-29 00:00:00,82.022,9.106
2024-04-30 00:00:00,80.748,9.296
2024-05-01 00:00:00,80.857,9.28
2024-05-02 00:00:00,81.914,9.124
2024-05-03 00:00:00,82.62,9.02
2024-05-06 00:00:00,83.202,8.936
2024-05-07 00:00:00,83.664,8.87
2024-05-08 00:00:00,83.158,8.943
2024-05-09 00:00:00,82.887,8.983
2024-05-10 00:00:00,83.142,8.946
2024-05-13 00:00:00,83.43,8.905
2024-05-14 00:00:00,83.038,8.962
2024-05-15 00:00:00,83.18,8.941
2024-05-16 00:00:00,83.61,8.88
2024-05-17 00:00:00,83.884,8.841
2024-05-20 00:00:00,83.648,8.875
2024-05-21 00:00:00,83.474,8.9
2024-05-22 00:00:00,83.169,8.944
2024-05-23 00:00:00,83.161,8.947
2024-05-24 00:00:00,82.611,9.027
2024-05-28 00:00:00,83.03,8.966
2024-05-29 00:00:00,82.336,9.067
2024-05-30 00:00:00,82.845,8.993
2024-05-31 00:00:00,83.018,8.969
2024-06-03 00:00:00,83.068,8.961
2024-06-04 00:00:00,81.963,9.124
2024-06-05 00:00:00,82.347,9.067
2024-06-06 00:00:00,82.123,9.101
2024-06-07 00:00:00,81.641,9.173
2024-06-10 00:00:00,81.652,9.171
2024-06-11 00:00:00,82.359,9.067
2024-06-12 00:00:00,83.054,8.966
2024-06-13 00:00:00,82.4,9.062
2024-06-14 00:00:00,81.89,9.138
2024-06-17 00:00:00,81.573,9.185
2024-06-18 00:00:00,82.132,9.103
2024-06-20 00:00:00,82.439,9.058
2024-06-21 00:00:00,82.266,9.084
2024-06-24 00:00:00,82.493,9.051
2024-06-25 00:00:00,82.109,9.108
2024-06-26 00:00:00,81.824,9.15
2024-06-27 00:00:00,81.727,9.165
2024-06-28 00:00:00,82.953,8.985
2024-07-01 00:00:00,82.7,9.023
2024-07-02 00:00:00,82.733,9.018
2024-07-03 00:00:00,82.667,9.028
2024-07-05 00:00:00,83.368,8.927
2024-07-08 00:00:00,83.09,8.968
2024-07-09 00:00:00,83.158,8.958
2024-07-10 00:00:00,83.472,8.912
2024-07-11 00:00:00,84.263,8.799
2024-07-12 00:00:00,84.164,8.814
2024-07-15 00:00:00,84.629,8.748
2024-07-16 00:00:00,85.077,8.685
2024-07-17 00:00:00,85.162,8.673
2024-07-18 00:00:00,84.938,8.705
2024-07-19 00:00:00,84,8.839
2024-07-22 00:00:00,84.832,8.721
2024-07-23 00:00:00,84.365,8.788
2024-07-24 00:00:00,83.527,8.908
2024-07-25 00:00:00,83.555,8.905
2024-07-26 00:00:00,85.084,8.687
2024-07-29 00:00:00,84.951,8.706
2024-07-30 00:00:00,84.025,8.838
2024-07-31 00:00:00,85.583,8.617
2024-08-01 00:00:00,85.157,8.677
2024-08-02 00:00:00,84.207,8.813
2024-08-05 00:00:00,84.035,8.838
2024-08-06 00:00:00,85.036,8.695
2024-08-07 00:00:00,85.525,8.627
2024-08-08 00:00:00,84.642,8.752
2024-08-09 00:00:00,84.051,8.837
2024-08-12 00:00:00,84.948,8.71
2024-08-13 00:00:00,84.971,8.707
2024-08-14 00:00:00,85.077,8.692
2024-08-15 00:00:00,85.094,8.69
2024-08-16 00:00:00,85.258,8.667
2024-08-19 00:00:00,85.675,8.609
2024-08-20 00:00:00,85.391,8.649
2024-08-21 00:00:00,85.438,8.643
2024-08-22 00:00:00,85.46,8.64
2024-08-23 00:00:00,85.669,8.611
2024-08-26 00:00:00,86.009,8.564
2024-08-27 00:00:00,85.53,8.631
2024-08-28 00:00:00,84.873,8.725
2024-08-29 00:00:00,84.677,8.753
2024-08-30 00:00:00,84.89,8.723
2024-09-03 00:00:00,83.613,8.907
2024-09-04 00:00:00,83.487,8.926
2024-09-05 00:00:00,83.517,8.922
2024-09-06 00:00:00,83.111,8.982
2024-09-09 00:00:00,82.012,9.145
2024-09-10 00:00:00,80.463,9.38
2024-09-11 00:00:00,81.399,9.238
2024-09-12 00:00:00,82.88,9.018
2024-09-13 00:00:00,83.44,8.936
2024-09-16 00:00:00,83.039,8.995
2024-09-17 00:00:00,83.539,8.922
2024-09-18 00:00:00,83.494,8.929
2024-09-19 00:00:00,84.059,8.847
2024-09-20 00:00:00,84.084,8.844
2024-09-23 00:00:00,83.634,8.91
2024-09-24 00:00:00,84.537,8.779
2024-09-25 00:00:00,83.955,8.863
2024-09-26 00:00:00,82.484,9.079
2024-09-27 00:00:00,82.647,9.056
2024-09-30 00:00:00,82.179,9.126
2024-10-01 00:00:00,81.927,9.164
2024-10-02 00:00:00,81.846,9.176
2024-10-03 00:00:00,82.424,9.09
2024-10-04 00:00:00,82.115,9.137
2024-10-07 00:00:00,81.911,9.167
2024-10-08 00:00:00,81.005,9.305
2024-10-09 00:00:00,80.233,9.424
2024-10-10 00:00:00,80.007,9.459
2024-10-11 00:00:00,80.305,9.414
2024-10-15 00:00:00,79.147,9.595
2024-10-16 00:00:00,79.962,9.467
2024-10-17 00:00:00,80.422,9.397
2024-10-18 00:00:00,80.41,9.399
2024-10-21 00:00:00,80.136,9.442
2024-10-22 00:00:00,80.292,9.418
2024-10-23 00:00:00,79.242,9.582
2024-10-24 00:00:00,81.712,9.202
2024-10-25 00:00:00,82.478,9.088
2024-10-28 00:00:00,81.437,9.244
2024-10-29 00:00:00,81.177,9.284
2024-10-30 00:00:00,82.053,9.152
2024-10-31 00:00:00,82.856,9.032
2024-11-01 00:00:00,82.56,9.077
2024-11-04 00:00:00,83.678,8.912
2024-11-05 00:00:00,83.924,8.876
2024-11-06 00:00:00,84.172,8.841
2024-11-07 00:00:00,83.679,8.913
2024-11-08 00:00:00,84.979,8.725
2024-11-12 00:00:00,83.497,8.941
2024-11-13 00:00:00,84.094,8.854
2024-11-14 00:00:00,83.7,8.911
2024-11-15 00:00:00,83.452,8.948
2024-11-18 00:00:00,82.925,9.027
2024-11-19 00:00:00,83.411,8.955
2024-11-20 00:00:00,83.206,8.985
2024-11-21 00:00:00,83.821,8.895
2024-11-22 00:00:00,83.733,8.909
2024-11-25 00:00:00,83.92,8.882
2024-11-26 00:00:00,83.615,8.927
2024-11-27 00:00:00,83.62,8.926
2024-11-29 00:00:00,83.759,8.907
2024-12-02 00:00:00,83.851,8.894
2024-12-03 00:00:00,83.556,8.937
2024-12-04 00:00:00,83.119,9.002
2024-12-05 00:00:00,83.263,8.981
2024-12-06 00:00:00,82.719,9.062
2024-12-09 00:00:00,82.595,9.081
2024-12-10 00:00:00,82.422,9.107
2024-12-11 00:00:00,82.729,9.062
2024-12-12 00:00:00,82.991,9.023
2024-12-13 00:00:00,81.961,9.178
2024-12-16 00:00:00,81.544,9.242
2024-12-17 00:00:00,80.789,9.358
2024-12-18 00:00:00,81.076,9.314
2024-12-19 00:00:00,80.635,9.382
2024-12-20 00:00:00,80.499,9.404
2024-12-23 00:00:00,80.451,9.412
2024-12-24 00:00:00,80.462,9.411
2024-12-26 00:00:00,80.915,9.341
2024-12-27 00:00:00,80.449,9.415
2024-12-30 00:00:00,80.877,9.349
2024-12-31 00:00:00,81.778,9.211
2025-01-02 00:00:00,82.213,9.145
2025-01-03 00:00:00,82.165,9.154
2025-01-06 00:00:00,82.681,9.076
2025-01-07 00:00:00,82.065,9.169
2025-01-08 00:00:00,81.858,9.201
2025-01-09 00:00:00,81.795,9.211
2025-01-10 00:00:00,81.942,9.19
2025-01-13 00:00:00,81.681,9.23
2025-01-14 00:00:00,81.894,9.197
2025-01-15 00:00:00,83.172,9.006
2025-01-16 00:00:00,83.175,9.006
2025-01-17 00:00:00,83.084,9.02
2025-01-21 00:00:00,82.6,9.093
2025-01-22 00:00:00,82.52,9.105
2025-01-23 00:00:00,82.542,9.102
2025-01-24 00:00:00,82.638,9.089
2025-01-27 00:00:00,82.416,9.123
2025-01-28 00:00:00,82.576,9.099
2025-01-29 00:00:00,82.309,9.14
2025-01-30 00:00:00,82.34,9.135
2025-01-31 00:00:00,82.236,9.152
2025-02-03 00:00:00,81.333,9.29
2025-02-04 00:00:00,81.808,9.217
2025-02-05 00:00:00,82.45,9.12
2025-02-06 00:00:00,82.534,9.108
2025-02-07 00:00:00,82.456,9.121
2025-02-10 00:00:00,82.168,9.165
2025-02-11 00:00:00,81.702,9.236
2025-02-12 00:00:00,81.452,9.274
2025-02-13 00:00:00,81.606,9.251
2025-02-14 00:00:00,81.073,9.335
2025-02-18 00:00:00,81.419,9.282
2025-02-19 00:00:00,81.413,9.283
2025-02-20 00:00:00,81.63,9.25
2025-02-21 00:00:00,81.345,9.295
2025-02-24 00:00:00,80.553,9.418
2025-02-25 00:00:00,80.436,9.437
2025-02-26 00:00:00,80.026,9.502
2025-02-27 00:00:00,79.285,9.62
2025-02-28 00:00:00,78.543,9.741
2025-03-03 00:00:00,77.51,9.91
2025-03-04 00:00:00,76.085,10.149
2025-03-05 00:00:00,75.707,10.213
2025-03-06 00:00:00,75.083,10.321
2025-03-07 00:00:00,75.881,10.186
2025-03-10 00:00:00,75.501,10.251
2025-03-11 00:00:00,75.465,10.258
2025-03-12 00:00:00,75.87,10.189
2025-03-13 00:00:00,74.341,10.453
2025-03-14 00:00:00,75.429,10.266
2025-03-17 00:00:00,75.992,10.171
2025-03-18 00:00:00,76.464,10.091
2025-03-19 00:00:00,77.239,9.962
2025-03-20 00:00:00,77.523,9.915
2025-03-21 00:00:00,77.595,9.904
2025-03-24 00:00:00,78.048,9.83
2025-03-25 00:00:00,77.696,9.888
2025-03-26 00:00:00,77.254,9.962
2025-03-27 00:00:00,77.345,9.947
2025-03-28 00:00:00,77.058,9.996
2025-03-31 00:00:00,76.503,10.089
2025-04-01 00:00:00,76.754,10.047
2025-04-02 00:00:00,76.441,10.1
2025-04-03 00:00:00,70.113,11.233
2025-04-04 00:00:00,63.48,12.589
2025-04-07 00:00:00,60.557,13.252
2025-04-08 00:00:00,61.125,13.121
2025-04-09 00:00:00,62.795,12.742
2025-04-10 00:00:00,63.286,12.634
2025-04-11 00:00:00,61.709,12.99
2025-04-14 00:00:00,62.76,12.753
2025-04-15 00:00:00,62.793,12.746
2025-04-16 00:00:00,62.735,12.76
